{
    "camera_angle_x": 0.6911112070083618,
    "w": 256,
    "h": 256,
    "focus": 50,
    "aabb_scale": 16,
    "frames": [
        {
            "file_path": "./images/image1",
            "rotation": 1.2566370614359172,
            "transform_matrix": [
                [
                    0.9973935484886169,
                    0.05121782794594765,
                    -0.050822388380765915,
                    -0.5409741401672363
                ],
                [
                    -0.07215386629104614,
                    0.7079915404319763,
                    -0.7025253772735596,
                    -7.477964878082275
                ],
                [
                    0.0,
                    0.7043612003326416,
                    0.7098417282104492,
                    7.555843353271484
                ],
                [
                    0.0,
                    0.0,
                    0.0,
                    1.0
                ]
            ]
        },
        {
            "file_path": "./images/image2",
            "rotation": 1.2566370614359172,
            "transform_matrix": [
                [
                    0.9784690737724304,
                    0.045182887464761734,
                    0.20138728618621826,
                    2.1436479091644287
                ],
                [
                    0.20639362931251526,
                    -0.2142026275396347,
                    -0.9547350406646729,
                    -10.16258716583252
                ],
                [
                    0.0,
                    0.9757436513900757,
                    -0.218916118144989,
                    -2.3302319049835205
                ],
                [
                    0.0,
                    0.0,
                    0.0,
                    1.0
                ]
            ]
        },
        {
            "file_path": "./images/image3",
            "rotation": 1.2566370614359172,
            "transform_matrix": [
                [
                    0.7634211182594299,
                    -0.5458763241767883,
                    -0.34526389837265015,
                    -3.6751291751861572
                ],
                [
                    -0.6459010243415833,
                    -0.6451972126960754,
                    -0.40808382630348206,
                    -4.343810081481934
                ],
                [
                    0.0,
                    0.5345461964607239,
                    -0.8451392650604248,
                    -8.99600601196289
                ],
                [
                    0.0,
                    0.0,
                    0.0,
                    1.0
                ]
            ]
        },
        {
            "file_path": "./images/image4",
            "rotation": 1.2566370614359172,
            "transform_matrix": [
                [
                    -0.19097740948200226,
                    -0.29782432317733765,
                    -0.9353225827217102,
                    -9.955953598022461
                ],
                [
                    -0.981594443321228,
                    0.05794421210885048,
                    0.18197482824325562,
                    1.937014102935791
                ],
                [
                    0.0,
                    0.9528605341911316,
                    -0.3034087121486664,
                    -3.2296056747436523
                ],
                [
                    0.0,
                    0.0,
                    0.0,
                    1.0
                ]
            ]
        },
        {
            "file_path": "./images/image5",
            "rotation": 1.2566370614359172,
            "transform_matrix": [
                [
                    2.1258880877894626e-08,
                    0.6576223969459534,
                    -0.7533476948738098,
                    -8.018939018249512
                ],
                [
                    -1.0,
                    1.398031557187096e-08,
                    -1.601532773065628e-08,
                    -1.704736547480934e-07
                ],
                [
                    0.0,
                    0.7533477544784546,
                    0.6576223969459534,
                    7.0
                ],
                [
                    0.0,
                    0.0,
                    0.0,
                    1.0
                ]
            ]
        }
    ]
}