{
    "camera_angle_x": 0.6911112070083618,
    "w": 256,
    "h": 256,
    "focus": 50,
    "aabb_scale": 16,
    "frames": [
        {
            "file_path": "./images/image1",
            "rotation": 0.28559933214452665,
            "transform_matrix": [
                [
                    0.23423081636428833,
                    0.7593339085578918,
                    -0.6070814728736877,
                    -6.462022304534912
                ],
                [
                    -0.9721810817718506,
                    0.18294885754585266,
                    -0.1462661772966385,
                    -1.5569167137145996
                ],
                [
                    -7.450580596923828e-09,
                    0.6244531869888306,
                    0.7810622453689575,
                    8.313943862915039
                ],
                [
                    0.0,
                    0.0,
                    0.0,
                    1.0
                ]
            ]
        },
        {
            "file_path": "./images/image2",
            "rotation": 0.28559933214452665,
            "transform_matrix": [
                [
                    0.5755635499954224,
                    0.6879177689552307,
                    -0.4421490728855133,
                    -4.706414222717285
                ],
                [
                    -0.8177570700645447,
                    0.48417848348617554,
                    -0.3111986517906189,
                    -3.3125245571136475
                ],
                [
                    -1.4901161193847656e-08,
                    0.5406849980354309,
                    0.8412250876426697,
                    8.954340934753418
                ],
                [
                    0.0,
                    0.0,
                    0.0,
                    1.0
                ]
            ]
        },
        {
            "file_path": "./images/image3",
            "rotation": 0.28559933214452665,
            "transform_matrix": [
                [
                    0.8707204461097717,
                    0.4097678065299988,
                    -0.27191221714019775,
                    -2.8943440914154053
                ],
                [
                    -0.49177831411361694,
                    0.7255163788795471,
                    -0.48143547773361206,
                    -5.124594688415527
                ],
                [
                    1.4901161193847656e-08,
                    0.5529161691665649,
                    0.8332368731498718,
                    8.869311332702637
                ],
                [
                    0.0,
                    0.0,
                    0.0,
                    1.0
                ]
            ]
        },
        {
            "file_path": "./images/image4",
            "rotation": 0.28559933214452665,
            "transform_matrix": [
                [
                    0.9856472015380859,
                    0.12792111933231354,
                    -0.11016251146793365,
                    -1.172614574432373
                ],
                [
                    -0.16881822049617767,
                    0.7468689680099487,
                    -0.6431851387023926,
                    -6.8463239669799805
                ],
                [
                    0.0,
                    0.6525510549545288,
                    0.7577446699142456,
                    8.065742492675781
                ],
                [
                    0.0,
                    0.0,
                    0.0,
                    1.0
                ]
            ]
        },
        {
            "file_path": "./images/image5",
            "rotation": 0.28559933214452665,
            "transform_matrix": [
                [
                    0.9992676973342896,
                    -0.023756911978125572,
                    0.02999601699411869,
                    0.31928977370262146
                ],
                [
                    0.038264237344264984,
                    0.6204099655151367,
                    -0.7833437323570251,
                    -8.338228225708008
                ],
                [
                    0.0,
                    0.7839177846908569,
                    0.6208646297454834,
                    6.608735084533691
                ],
                [
                    0.0,
                    0.0,
                    0.0,
                    1.0
                ]
            ]
        },
        {
            "file_path": "./images/image6",
            "rotation": 0.28559933214452665,
            "transform_matrix": [
                [
                    0.9883384108543396,
                    -0.06603903323411942,
                    0.13720856606960297,
                    1.4605038166046143
                ],
                [
                    0.15227393805980682,
                    0.42862826585769653,
                    -0.8905562162399292,
                    -9.479442596435547
                ],
                [
                    0.0,
                    0.9010642170906067,
                    0.4336857497692108,
                    4.616327285766602
                ],
                [
                    0.0,
                    0.0,
                    0.0,
                    1.0
                ]
            ]
        },
        {
            "file_path": "./images/image7",
            "rotation": 0.28559933214452665,
            "transform_matrix": [
                [
                    0.9782399535179138,
                    -0.04385492578148842,
                    0.20278942584991455,
                    2.1585731506347656
                ],
                [
                    0.20747727155685425,
                    0.20677272975444794,
                    -0.9561371207237244,
                    -10.177512168884277
                ],
                [
                    0.0,
                    0.9774055480957031,
                    0.2113722413778305,
                    2.249932050704956
                ],
                [
                    0.0,
                    0.0,
                    0.0,
                    1.0
                ]
            ]
        },
        {
            "file_path": "./images/image8",
            "rotation": 0.28559933214452665,
            "transform_matrix": [
                [
                    0.9751574993133545,
                    0.006216842215508223,
                    0.2214256227016449,
                    2.3569443225860596
                ],
                [
                    0.22151288390159607,
                    -0.02736815996468067,
                    -0.9747732877731323,
                    -10.375883102416992
                ],
                [
                    0.0,
                    0.9996061325073242,
                    -0.028065374121069908,
                    -0.2987392544746399
                ],
                [
                    0.0,
                    0.0,
                    0.0,
                    1.0
                ]
            ]
        },
        {
            "file_path": "./images/image9",
            "rotation": 0.28559933214452665,
            "transform_matrix": [
                [
                    0.9800554513931274,
                    0.05270759388804436,
                    0.19160735607147217,
                    2.039546489715576
                ],
                [
                    0.19872461259365082,
                    -0.25993943214416504,
                    -0.944955050945282,
                    -10.05848503112793
                ],
                [
                    0.0,
                    0.9641854166984558,
                    -0.26522931456565857,
                    -2.8232083320617676
                ],
                [
                    0.0,
                    0.0,
                    0.0,
                    1.0
                ]
            ]
        },
        {
            "file_path": "./images/image10",
            "rotation": 0.28559933214452665,
            "transform_matrix": [
                [
                    0.991247296333313,
                    0.06348858028650284,
                    0.11575032770633698,
                    1.2320934534072876
                ],
                [
                    0.13201871514320374,
                    -0.4766967296600342,
                    -0.8690980076789856,
                    -9.251031875610352
                ],
                [
                    3.725290742551124e-09,
                    0.8767721652984619,
                    -0.4809059500694275,
                    -5.118957996368408
                ],
                [
                    0.0,
                    0.0,
                    0.0,
                    1.0
                ]
            ]
        },
        {
            "file_path": "./images/image11",
            "rotation": 0.28559933214452665,
            "transform_matrix": [
                [
                    1.0,
                    9.162082648117575e-09,
                    1.0495737612359335e-08,
                    1.1172088676403291e-07
                ],
                [
                    1.393213011624539e-08,
                    -0.6576225161552429,
                    -0.753347635269165,
                    -8.018938064575195
                ],
                [
                    0.0,
                    0.753347635269165,
                    -0.6576224565505981,
                    -7.0
                ],
                [
                    0.0,
                    0.0,
                    0.0,
                    1.0
                ]
            ]
        },
        {
            "file_path": "./images/image12",
            "rotation": 0.28559933214452665,
            "transform_matrix": [
                [
                    0.9721810817718506,
                    -0.18294887244701385,
                    -0.1462661772966385,
                    -1.55691659450531
                ],
                [
                    -0.2342308610677719,
                    -0.7593339085578918,
                    -0.6070814728736877,
                    -6.462021350860596
                ],
                [
                    7.450581485102248e-09,
                    0.6244531273841858,
                    -0.7810623049736023,
                    -8.313943862915039
                ],
                [
                    0.0,
                    0.0,
                    0.0,
                    1.0
                ]
            ]
        },
        {
            "file_path": "./images/image13",
            "rotation": 0.28559933214452665,
            "transform_matrix": [
                [
                    0.8177571296691895,
                    -0.4841785430908203,
                    -0.3111986517906189,
                    -3.3125245571136475
                ],
                [
                    -0.5755636096000671,
                    -0.6879177093505859,
                    -0.44214898347854614,
                    -4.706413269042969
                ],
                [
                    -1.4901162970204496e-08,
                    0.5406850576400757,
                    -0.8412250876426697,
                    -8.954340934753418
                ],
                [
                    0.0,
                    0.0,
                    0.0,
                    1.0
                ]
            ]
        },
        {
            "file_path": "./images/image14",
            "rotation": 0.28559933214452665,
            "transform_matrix": [
                [
                    0.49177825450897217,
                    -0.7255164384841919,
                    -0.48143547773361206,
                    -5.124594688415527
                ],
                [
                    -0.8707205653190613,
                    -0.4097677171230316,
                    -0.2719121277332306,
                    -2.894343137741089
                ],
                [
                    0.0,
                    0.5529161691665649,
                    -0.8332367539405823,
                    -8.86931037902832
                ],
                [
                    0.0,
                    0.0,
                    0.0,
                    1.0
                ]
            ]
        },
        {
            "file_path": "./images/image15",
            "rotation": 0.28559933214452665,
            "transform_matrix": [
                [
                    0.1688181310892105,
                    -0.7468689680099487,
                    -0.6431851983070374,
                    -6.8463239669799805
                ],
                [
                    -0.9856473207473755,
                    -0.12792102992534637,
                    -0.11016245186328888,
                    -1.1726138591766357
                ],
                [
                    7.450581485102248e-09,
                    0.6525511145591736,
                    -0.7577446699142456,
                    -8.065741539001465
                ],
                [
                    0.0,
                    0.0,
                    0.0,
                    1.0
                ]
            ]
        },
        {
            "file_path": "./images/image16",
            "rotation": 0.28559933214452665,
            "transform_matrix": [
                [
                    -0.03826430067420006,
                    -0.6204098463058472,
                    -0.7833437323570251,
                    -8.338228225708008
                ],
                [
                    -0.9992677569389343,
                    0.02375694550573826,
                    0.02999606356024742,
                    0.31929028034210205
                ],
                [
                    0.0,
                    0.7839178442955017,
                    -0.6208645701408386,
                    -6.608734130859375
                ],
                [
                    0.0,
                    0.0,
                    0.0,
                    1.0
                ]
            ]
        },
        {
            "file_path": "./images/image17",
            "rotation": 0.28559933214452665,
            "transform_matrix": [
                [
                    -0.1522739827632904,
                    -0.42862817645072937,
                    -0.8905562162399292,
                    -9.47944164276123
                ],
                [
                    -0.9883384108543396,
                    0.06603904068470001,
                    0.13720861077308655,
                    1.4605040550231934
                ],
                [
                    0.0,
                    0.9010641574859619,
                    -0.43368569016456604,
                    -4.616326332092285
                ],
                [
                    0.0,
                    0.0,
                    0.0,
                    1.0
                ]
            ]
        },
        {
            "file_path": "./images/image18",
            "rotation": 0.28559933214452665,
            "transform_matrix": [
                [
                    -0.20747727155685425,
                    -0.20677267014980316,
                    -0.9561371207237244,
                    -10.177511215209961
                ],
                [
                    -0.9782398343086243,
                    0.04385491833090782,
                    0.20278944075107574,
                    2.1585731506347656
                ],
                [
                    3.725290742551124e-09,
                    0.9774055480957031,
                    -0.21137218177318573,
                    -2.2499313354492188
                ],
                [
                    0.0,
                    0.0,
                    0.0,
                    1.0
                ]
            ]
        },
        {
            "file_path": "./images/image19",
            "rotation": 0.28559933214452665,
            "transform_matrix": [
                [
                    -0.22151286900043488,
                    0.02736820839345455,
                    -0.9747732877731323,
                    -10.375882148742676
                ],
                [
                    -0.9751574993133545,
                    -0.006216852925717831,
                    0.2214256078004837,
                    2.3569440841674805
                ],
                [
                    0.0,
                    0.9996061325073242,
                    0.028065424412488937,
                    0.2987397611141205
                ],
                [
                    0.0,
                    0.0,
                    0.0,
                    1.0
                ]
            ]
        },
        {
            "file_path": "./images/image20",
            "rotation": 0.28559933214452665,
            "transform_matrix": [
                [
                    -0.19872459769248962,
                    0.2599394619464874,
                    -0.9449549913406372,
                    -10.058484077453613
                ],
                [
                    -0.9800553917884827,
                    -0.052707601338624954,
                    0.19160734117031097,
                    2.039546251296997
                ],
                [
                    -3.725290298461914e-09,
                    0.9641854166984558,
                    0.26522934436798096,
                    2.823208808898926
                ],
                [
                    0.0,
                    0.0,
                    0.0,
                    1.0
                ]
            ]
        },
        {
            "file_path": "./images/image21",
            "rotation": 0.28559933214452665,
            "transform_matrix": [
                [
                    -0.13201868534088135,
                    0.4766967296600342,
                    -0.8690979480743408,
                    -9.251030921936035
                ],
                [
                    -0.991247296333313,
                    -0.06348857283592224,
                    0.11575029790401459,
                    1.232093095779419
                ],
                [
                    0.0,
                    0.8767721652984619,
                    0.4809059500694275,
                    5.118957996368408
                ],
                [
                    0.0,
                    0.0,
                    0.0,
                    1.0
                ]
            ]
        },
        {
            "file_path": "./images/image22",
            "rotation": 0.28559933214452665,
            "transform_matrix": [
                [
                    2.73538098838344e-08,
                    0.6576225161552429,
                    -0.753347635269165,
                    -8.018938064575195
                ],
                [
                    -1.0,
                    1.7988480038866328e-08,
                    -2.0606927719768464e-08,
                    -2.1934850735760847e-07
                ],
                [
                    -8.881784197001252e-16,
                    0.753347635269165,
                    0.6576224565505981,
                    7.0
                ],
                [
                    0.0,
                    0.0,
                    0.0,
                    1.0
                ]
            ]
        },
        {
            "file_path": "./images/image23",
            "rotation": 0.28559933214452665,
            "transform_matrix": [
                [
                    0.9926580190658569,
                    0.11850642412900925,
                    -0.024213526397943497,
                    -0.2577385902404785
                ],
                [
                    -0.12095481902360916,
                    0.9725643992424011,
                    -0.19871677458286285,
                    -2.1152219772338867
                ],
                [
                    0.0,
                    0.20018649101257324,
                    0.9797577261924744,
                    10.428938865661621
                ],
                [
                    0.0,
                    0.0,
                    0.0,
                    1.0
                ]
            ]
        },
        {
            "file_path": "./images/image24",
            "rotation": 0.28559933214452665,
            "transform_matrix": [
                [
                    0.9190295934677124,
                    -0.3568616211414337,
                    0.16743463277816772,
                    1.782241940498352
                ],
                [
                    0.3941885232925415,
                    0.8320039510726929,
                    -0.39036497473716736,
                    -4.155202388763428
                ],
                [
                    0.0,
                    0.4247577488422394,
                    0.9053071141242981,
                    9.636454582214355
                ],
                [
                    0.0,
                    0.0,
                    0.0,
                    1.0
                ]
            ]
        },
        {
            "file_path": "./images/image25",
            "rotation": 0.28559933214452665,
            "transform_matrix": [
                [
                    0.8569267988204956,
                    -0.39045149087905884,
                    0.3364879786968231,
                    3.581714153289795
                ],
                [
                    0.5154381990432739,
                    0.6491338014602661,
                    -0.5594183206558228,
                    -5.95467472076416
                ],
                [
                    0.0,
                    0.6528192162513733,
                    0.757513701915741,
                    8.063282012939453
                ],
                [
                    0.0,
                    0.0,
                    0.0,
                    1.0
                ]
            ]
        },
        {
            "file_path": "./images/image26",
            "rotation": 0.28559933214452665,
            "transform_matrix": [
                [
                    0.8277221918106079,
                    -0.3077006936073303,
                    0.4692508280277252,
                    4.9948954582214355
                ],
                [
                    0.5611382126808167,
                    0.45388227701187134,
                    -0.6921811699867249,
                    -7.367856025695801
                ],
                [
                    -1.4901162970204496e-08,
                    0.8362482190132141,
                    0.5483511090278625,
                    5.8368706703186035
                ],
                [
                    0.0,
                    0.0,
                    0.0,
                    1.0
                ]
            ]
        },
        {
            "file_path": "./images/image27",
            "rotation": 0.28559933214452665,
            "transform_matrix": [
                [
                    0.8140668869018555,
                    -0.17119064927101135,
                    0.5549675226211548,
                    5.907298564910889
                ],
                [
                    0.5807712078094482,
                    0.23995788395404816,
                    -0.777897834777832,
                    -8.280259132385254
                ],
                [
                    0.0,
                    0.9555700421333313,
                    0.29476433992385864,
                    3.1375908851623535
                ],
                [
                    0.0,
                    0.0,
                    0.0,
                    1.0
                ]
            ]
        },
        {
            "file_path": "./images/image28",
            "rotation": 0.28559933214452665,
            "transform_matrix": [
                [
                    0.8097452521324158,
                    -0.01014988124370575,
                    0.5866938233375549,
                    6.245006084442139
                ],
                [
                    0.5867816209793091,
                    0.014006605371832848,
                    -0.8096241354942322,
                    -8.617966651916504
                ],
                [
                    0.0,
                    0.999850332736969,
                    0.017297547310590744,
                    0.18412208557128906
                ],
                [
                    0.0,
                    0.0,
                    0.0,
                    1.0
                ]
            ]
        },
        {
            "file_path": "./images/image29",
            "rotation": 0.28559933214452665,
            "transform_matrix": [
                [
                    0.8130983710289001,
                    0.15226715803146362,
                    0.5618593096733093,
                    5.980658531188965
                ],
                [
                    0.5821264982223511,
                    -0.2126825898885727,
                    -0.7847896814346313,
                    -8.353619575500488
                ],
                [
                    0.0,
                    0.9651843905448914,
                    -0.2615705728530884,
                    -2.7842633724212646
                ],
                [
                    0.0,
                    0.0,
                    0.0,
                    1.0
                ]
            ]
        },
        {
            "file_path": "./images/image30",
            "rotation": 0.28559933214452665,
            "transform_matrix": [
                [
                    0.8254002332687378,
                    0.2931404113769531,
                    0.4824761748313904,
                    5.135672092437744
                ],
                [
                    0.5645481944084167,
                    -0.42858728766441345,
                    -0.7054064869880676,
                    -7.508633136749268
                ],
                [
                    1.4901162970204496e-08,
                    0.8546237349510193,
                    -0.519247829914093,
                    -5.5270843505859375
                ],
                [
                    0.0,
                    0.0,
                    0.0,
                    1.0
                ]
            ]
        },
        {
            "file_path": "./images/image31",
            "rotation": 0.28559933214452665,
            "transform_matrix": [
                [
                    0.8520916700363159,
                    0.3846196234226227,
                    0.3549754321575165,
                    3.7785024642944336
                ],
                [
                    0.5233926177024841,
                    -0.6261669993400574,
                    -0.5779057741165161,
                    -6.151463508605957
                ],
                [
                    0.0,
                    0.6782202124595642,
                    -0.7348586916923523,
                    -7.822134017944336
                ],
                [
                    0.0,
                    0.0,
                    0.0,
                    1.0
                ]
            ]
        },
        {
            "file_path": "./images/image32",
            "rotation": 0.28559933214452665,
            "transform_matrix": [
                [
                    0.9085885286331177,
                    0.37213706970214844,
                    0.18968641757965088,
                    2.019099235534668
                ],
                [
                    0.4176924228668213,
                    -0.809493899345398,
                    -0.4126167595386505,
                    -4.392060279846191
                ],
                [
                    0.0,
                    0.4541294276714325,
                    -0.8909356594085693,
                    -9.483480453491211
                ],
                [
                    0.0,
                    0.0,
                    0.0,
                    1.0
                ]
            ]
        },
        {
            "file_path": "./images/image33",
            "rotation": 0.28559933214452665,
            "transform_matrix": [
                [
                    1.0,
                    -3.4521707448220695e-07,
                    -7.894607279013144e-08,
                    -8.403338824791717e-07
                ],
                [
                    -3.5412898569120443e-07,
                    -0.9748343825340271,
                    -0.22293029725551605,
                    -2.372960090637207
                ],
                [
                    0.0,
                    0.22293038666248322,
                    -0.9748344421386719,
                    -10.376531600952148
                ],
                [
                    0.0,
                    0.0,
                    0.0,
                    1.0
                ]
            ]
        },
        {
            "file_path": "./images/image34",
            "rotation": 0.28559933214452665,
            "transform_matrix": [
                [
                    0.12095477432012558,
                    -0.9725644588470459,
                    -0.19871684908866882,
                    -2.115222454071045
                ],
                [
                    -0.9926580786705017,
                    -0.11850637942552567,
                    -0.024213526397943497,
                    -0.25773856043815613
                ],
                [
                    1.862645149230957e-09,
                    0.20018674433231354,
                    -0.9797577857971191,
                    -10.428937911987305
                ],
                [
                    0.0,
                    0.0,
                    0.0,
                    1.0
                ]
            ]
        },
        {
            "file_path": "./images/image35",
            "rotation": 0.28559933214452665,
            "transform_matrix": [
                [
                    -0.39418840408325195,
                    -0.8320038914680481,
                    -0.39036503434181213,
                    -4.155202865600586
                ],
                [
                    -0.9190295934677124,
                    0.35686153173446655,
                    0.16743463277816772,
                    1.782241702079773
                ],
                [
                    0.0,
                    0.4247579872608185,
                    -0.9053071141242981,
                    -9.636453628540039
                ],
                [
                    0.0,
                    0.0,
                    0.0,
                    1.0
                ]
            ]
        },
        {
            "file_path": "./images/image36",
            "rotation": 0.28559933214452665,
            "transform_matrix": [
                [
                    -0.5154381394386292,
                    -0.6491336822509766,
                    -0.5594183802604675,
                    -5.95467472076416
                ],
                [
                    -0.8569267988204956,
                    0.3904514014720917,
                    0.3364879786968231,
                    3.5817136764526367
                ],
                [
                    1.4901161193847656e-08,
                    0.6528193354606628,
                    -0.757513701915741,
                    -8.063281059265137
                ],
                [
                    0.0,
                    0.0,
                    0.0,
                    1.0
                ]
            ]
        },
        {
            "file_path": "./images/image37",
            "rotation": 0.28559933214452665,
            "transform_matrix": [
                [
                    -0.5611382126808167,
                    -0.4538823068141937,
                    -0.6921812295913696,
                    -7.367856025695801
                ],
                [
                    -0.8277222514152527,
                    0.3077006936073303,
                    0.4692508280277252,
                    4.994894981384277
                ],
                [
                    0.0,
                    0.8362482190132141,
                    -0.5483510494232178,
                    -5.836869716644287
                ],
                [
                    0.0,
                    0.0,
                    0.0,
                    1.0
                ]
            ]
        },
        {
            "file_path": "./images/image38",
            "rotation": 0.28559933214452665,
            "transform_matrix": [
                [
                    -0.5807712078094482,
                    -0.23995783925056458,
                    -0.7778978943824768,
                    -8.280259132385254
                ],
                [
                    -0.8140668869018555,
                    0.17119060456752777,
                    0.5549675226211548,
                    5.9072980880737305
                ],
                [
                    1.4901161193847656e-08,
                    0.9555699825286865,
                    -0.29476428031921387,
                    -3.137589931488037
                ],
                [
                    0.0,
                    0.0,
                    0.0,
                    1.0
                ]
            ]
        },
        {
            "file_path": "./images/image39",
            "rotation": 0.28559933214452665,
            "transform_matrix": [
                [
                    -0.5867815613746643,
                    -0.014006546698510647,
                    -0.8096241354942322,
                    -8.617966651916504
                ],
                [
                    -0.8097453713417053,
                    0.010149836540222168,
                    0.5866937041282654,
                    6.245005130767822
                ],
                [
                    0.0,
                    0.999850332736969,
                    -0.017297470942139626,
                    -0.1841212660074234
                ],
                [
                    0.0,
                    0.0,
                    0.0,
                    1.0
                ]
            ]
        },
        {
            "file_path": "./images/image40",
            "rotation": 0.28559933214452665,
            "transform_matrix": [
                [
                    -0.5821264386177063,
                    0.21268263459205627,
                    -0.7847896814346313,
                    -8.353618621826172
                ],
                [
                    -0.8130983114242554,
                    -0.152267187833786,
                    0.5618593096733093,
                    5.980657577514648
                ],
                [
                    0.0,
                    0.9651843309402466,
                    0.26157066226005554,
                    2.784263849258423
                ],
                [
                    0.0,
                    0.0,
                    0.0,
                    1.0
                ]
            ]
        },
        {
            "file_path": "./images/image41",
            "rotation": 0.28559933214452665,
            "transform_matrix": [
                [
                    -0.5645480751991272,
                    0.42858731746673584,
                    -0.7054065465927124,
                    -7.508632183074951
                ],
                [
                    -0.825400173664093,
                    -0.2931404113769531,
                    0.482476145029068,
                    5.135671138763428
                ],
                [
                    0.0,
                    0.8546236753463745,
                    0.5192478895187378,
                    5.5270843505859375
                ],
                [
                    0.0,
                    0.0,
                    0.0,
                    1.0
                ]
            ]
        },
        {
            "file_path": "./images/image42",
            "rotation": 0.28559933214452665,
            "transform_matrix": [
                [
                    -0.5233925580978394,
                    0.6261669993400574,
                    -0.5779057741165161,
                    -6.151462554931641
                ],
                [
                    -0.8520916700363159,
                    -0.3846195936203003,
                    0.3549754023551941,
                    3.778501510620117
                ],
                [
                    0.0,
                    0.6782202124595642,
                    0.7348587512969971,
                    7.822133541107178
                ],
                [
                    0.0,
                    0.0,
                    0.0,
                    1.0
                ]
            ]
        },
        {
            "file_path": "./images/image43",
            "rotation": 0.28559933214452665,
            "transform_matrix": [
                [
                    -0.4176924228668213,
                    0.8094940185546875,
                    -0.4126167297363281,
                    -4.392059326171875
                ],
                [
                    -0.9085885286331177,
                    -0.3721370995044708,
                    0.1896863877773285,
                    2.0190985202789307
                ],
                [
                    0.0,
                    0.45412927865982056,
                    0.8909357786178589,
                    9.483480453491211
                ],
                [
                    0.0,
                    0.0,
                    0.0,
                    1.0
                ]
            ]
        },
        {
            "file_path": "./images/image44",
            "rotation": 0.28559933214452665,
            "transform_matrix": [
                [
                    6.413038704522478e-07,
                    0.9748343825340271,
                    -0.22293022274971008,
                    -2.3729593753814697
                ],
                [
                    -1.0,
                    6.251650006561249e-07,
                    -1.429660017038259e-07,
                    -1.5217879081319552e-06
                ],
                [
                    0.0,
                    0.22293046116828918,
                    0.9748344421386719,
                    10.376531600952148
                ],
                [
                    0.0,
                    0.0,
                    0.0,
                    1.0
                ]
            ]
        },
        {
            "file_path": "./images/image45",
            "rotation": 0.28559933214452665,
            "transform_matrix": [
                [
                    0.29489266872406006,
                    -0.7684558629989624,
                    0.5679032206535339,
                    6.044991493225098
                ],
                [
                    0.9555304050445557,
                    0.23715831339359283,
                    -0.1752644181251526,
                    -1.865585207939148
                ],
                [
                    0.0,
                    0.5943328738212585,
                    0.804219126701355,
                    8.560433387756348
                ],
                [
                    0.0,
                    0.0,
                    0.0,
                    1.0
                ]
            ]
        },
        {
            "file_path": "./images/image46",
            "rotation": 0.28559933214452665,
            "transform_matrix": [
                [
                    0.4098820388317108,
                    -0.5688027143478394,
                    0.7130640149116516,
                    7.590141296386719
                ],
                [
