{
    "camera_angle_x": 0.6911112070083618,
    "w": 256,
    "h": 256,
    "focus": 50,
    "aabb_scale": 16,
    "frames": [
        {
            "file_path": "./images/image1",
            "rotation": 0.3141592653589793,
            "transform_matrix": [
                [
                    0.2644695043563843,
                    0.7619181871414185,
                    -0.5912162065505981,
                    -6.293145656585693
                ],
                [
                    -0.9643940329551697,
                    0.20894375443458557,
                    -0.16213148832321167,
                    -1.725793480873108
                ],
                [
                    0.0,
                    0.6130442023277283,
                    0.7900485992431641,
                    8.409598350524902
                ],
                [
                    0.0,
                    0.0,
                    0.0,
                    1.0
                ]
            ]
        },
        {
            "file_path": "./images/image2",
            "rotation": 0.3141592653589793,
            "transform_matrix": [
                [
                    0.6459010243415833,
                    0.6451972126960754,
                    -0.40808382630348206,
                    -4.343810081481934
                ],
                [
                    -0.7634211182594299,
                    0.5458763241767883,
                    -0.34526389837265015,
                    -3.6751291751861572
                ],
                [
                    0.0,
                    0.5345461964607239,
                    0.8451392650604248,
                    8.99600601196289
                ],
                [
                    0.0,
                    0.0,
                    0.0,
                    1.0
                ]
            ]
        },
        {
            "file_path": "./images/image3",
            "rotation": 0.3141592653589793,
            "transform_matrix": [
                [
                    0.9228112697601318,
                    0.3149445056915283,
                    -0.2218768149614334,
                    -2.3617467880249023
                ],
                [
                    -0.38525235652923584,
                    0.7543998956680298,
                    -0.5314709544181824,
                    -5.657192230224609
                ],
                [
                    0.0,
                    0.575925886631012,
                    0.817501962184906,
                    8.701822280883789
                ],
                [
                    0.0,
                    0.0,
                    0.0,
                    1.0
                ]
            ]
        },
        {
            "file_path": "./images/image4",
            "rotation": 0.3141592653589793,
            "transform_matrix": [
                [
                    0.9973935484886169,
                    0.051217831671237946,
                    -0.05082239583134651,
                    -0.5409741997718811
                ],
                [
                    -0.07215388119220734,
                    0.7079915404319763,
                    -0.7025253772735596,
                    -7.477964878082275
                ],
                [
                    0.0,
                    0.7043612003326416,
                    0.7098417282104492,
                    7.555843353271484
                ],
                [
                    0.0,
                    0.0,
                    0.0,
                    1.0
                ]
            ]
        },
        {
            "file_path": "./images/image5",
            "rotation": 0.3141592653589793,
            "transform_matrix": [
                [
                    0.9945377111434937,
                    -0.05560167878866196,
                    0.08833539485931396,
                    0.9402778744697571
                ],
                [
                    0.1043776273727417,
                    0.5297876000404358,
                    -0.8416830897331238,
                    -8.959217071533203
                ],
                [
                    -3.725290298461914e-09,
                    0.8463059067726135,
                    0.5326972603797913,
                    5.670246124267578
                ],
                [
                    0.0,
                    0.0,
                    0.0,
                    1.0
                ]
            ]
        },
        {
            "file_path": "./images/image6",
            "rotation": 0.3141592653589793,
            "transform_matrix": [
                [
                    0.981594443321228,
                    -0.05794421583414078,
                    0.1819748431444168,
                    1.9370142221450806
                ],
                [
                    0.19097742438316345,
                    0.29782432317733765,
                    -0.9353225827217102,
                    -9.955953598022461
                ],
                [
                    0.0,
                    0.9528605341911316,
                    0.3034087121486664,
                    3.2296056747436523
                ],
                [
                    0.0,
                    0.0,
                    0.0,
                    1.0
                ]
            ]
        },
        {
            "file_path": "./images/image7",
            "rotation": 0.3141592653589793,
            "transform_matrix": [
                [
                    0.9752402901649475,
                    -0.009823489934206009,
                    0.22092987596988678,
                    2.3516674041748047
                ],
                [
                    0.22114819288253784,
                    0.043320558965206146,
                    -0.9742775559425354,
                    -10.370606422424316
                ],
                [
                    0.0,
                    0.9990128874778748,
                    0.04442039877176285,
                    0.47282877564430237
                ],
                [
                    0.0,
                    0.0,
                    0.0,
                    1.0
                ]
            ]
        },
        {
            "file_path": "./images/image8",
            "rotation": 0.3141592653589793,
            "transform_matrix": [
                [
                    0.9784691333770752,
                    0.045182887464761734,
                    0.20138728618621826,
                    2.143648147583008
                ],
                [
                    0.20639365911483765,
                    -0.2142026126384735,
                    -0.9547349810600281,
                    -10.16258716583252
                ],
                [
                    0.0,
                    0.9757436513900757,
                    -0.21891608834266663,
                    -2.3302319049835205
                ],
                [
                    0.0,
                    0.0,
                    0.0,
                    1.0
                ]
            ]
        },
        {
            "file_path": "./images/image9",
            "rotation": 0.3141592653589793,
            "transform_matrix": [
                [
                    0.9899897575378418,
                    0.06504035741090775,
                    0.12526004016399384,
                    1.333318829536438
                ],
                [
                    0.14113940298557281,
                    -0.45621058344841003,
                    -0.8786076903343201,
                    -9.35225772857666
                ],
                [
                    -3.725290742551124e-09,
                    0.887491762638092,
                    -0.46082356572151184,
                    -4.905193328857422
                ],
                [
                    0.0,
                    0.0,
                    0.0,
                    1.0
                ]
            ]
        },
        {
            "file_path": "./images/image10",
            "rotation": 0.3141592653589793,
            "transform_matrix": [
                [
                    1.0,
                    9.397938427468944e-09,
                    1.0765927704881051e-08,
                    1.1459691506843228e-07
                ],
                [
                    1.4290781891190818e-08,
                    -0.6576223969459534,
                    -0.7533476948738098,
                    -8.018939018249512
                ],
                [
                    0.0,
                    0.7533477544784546,
                    -0.6576223969459534,
                    -7.0
                ],
                [
                    0.0,
                    0.0,
                    0.0,
                    1.0
                ]
            ]
        },
        {
            "file_path": "./images/image11",
            "rotation": 0.3141592653589793,
            "transform_matrix": [
                [
                    0.9643941521644592,
                    -0.20894372463226318,
                    -0.16213147342205048,
                    -1.7257933616638184
                ],
                [
                    -0.2644694745540619,
                    -0.7619181871414185,
                    -0.5912162065505981,
                    -6.293145656585693
                ],
                [
                    0.0,
                    0.6130442023277283,
                    -0.7900485992431641,
                    -8.409598350524902
                ],
                [
                    0.0,
                    0.0,
                    0.0,
                    1.0
                ]
            ]
        },
        {
            "file_path": "./images/image12",
            "rotation": 0.3141592653589793,
            "transform_matrix": [
                [
                    0.7634212970733643,
                    -0.5458762645721436,
                    -0.34526386857032776,
                    -3.675128936767578
                ],
                [
                    -0.6459010243415833,
                    -0.6451972723007202,
                    -0.40808382630348206,
                    -4.343810081481934
                ],
                [
                    -2.980232594040899e-08,
                    0.5345461964607239,
                    -0.8451392650604248,
                    -8.99600601196289
                ],
                [
                    0.0,
                    0.0,
                    0.0,
                    1.0
                ]
            ]
        },
        {
            "file_path": "./images/image13",
            "rotation": 0.3141592653589793,
            "transform_matrix": [
                [
                    0.38525235652923584,
                    -0.7543998956680298,
                    -0.5314709544181824,
                    -5.657192230224609
                ],
                [
                    -0.9228112697601318,
                    -0.3149445056915283,
                    -0.2218768149614334,
                    -2.3617467880249023
                ],
                [
                    0.0,
                    0.575925886631012,
                    -0.817501962184906,
                    -8.701822280883789
                ],
                [
                    0.0,
                    0.0,
                    0.0,
                    1.0
                ]
            ]
        },
        {
            "file_path": "./images/image14",
            "rotation": 0.3141592653589793,
            "transform_matrix": [
                [
                    0.07215388119220734,
                    -0.7079915404319763,
                    -0.7025253772735596,
                    -7.477964878082275
                ],
                [
                    -0.9973935484886169,
                    -0.051217831671237946,
                    -0.05082239583134651,
                    -0.5409741997718811
                ],
                [
                    0.0,
                    0.7043612003326416,
                    -0.7098417282104492,
                    -7.555843353271484
                ],
                [
                    0.0,
                    0.0,
                    0.0,
                    1.0
                ]
            ]
        },
        {
            "file_path": "./images/image15",
            "rotation": 0.3141592653589793,
            "transform_matrix": [
                [
                    -0.1043776273727417,
                    -0.5297876000404358,
                    -0.8416830897331238,
                    -8.959217071533203
                ],
                [
                    -0.9945377111434937,
                    0.05560167878866196,
                    0.08833539485931396,
                    0.9402778744697571
                ],
                [
                    -3.725290298461914e-09,
                    0.8463059067726135,
                    -0.5326972603797913,
                    -5.670246124267578
                ],
                [
                    0.0,
                    0.0,
                    0.0,
                    1.0
                ]
            ]
        },
        {
            "file_path": "./images/image16",
            "rotation": 0.3141592653589793,
            "transform_matrix": [
                [
                    -0.19097742438316345,
                    -0.29782432317733765,
                    -0.9353225827217102,
                    -9.955953598022461
                ],
                [
                    -0.981594443321228,
                    0.05794421583414078,
                    0.1819748431444168,
                    1.9370142221450806
                ],
                [
                    0.0,
                    0.9528605341911316,
                    -0.3034087121486664,
                    -3.2296056747436523
                ],
                [
                    0.0,
                    0.0,
                    0.0,
                    1.0
                ]
            ]
        },
        {
            "file_path": "./images/image17",
            "rotation": 0.3141592653589793,
            "transform_matrix": [
                [
                    -0.22114819288253784,
                    -0.043320558965206146,
                    -0.9742775559425354,
                    -10.370606422424316
                ],
                [
                    -0.9752402901649475,
                    0.009823489934206009,
                    0.22092987596988678,
                    2.3516674041748047
                ],
                [
                    0.0,
                    0.9990128874778748,
                    -0.04442039877176285,
                    -0.47282877564430237
                ],
                [
                    0.0,
                    0.0,
                    0.0,
                    1.0
                ]
            ]
        },
        {
            "file_path": "./images/image18",
            "rotation": 0.3141592653589793,
            "transform_matrix": [
                [
                    -0.20639365911483765,
                    0.2142026126384735,
                    -0.9547349810600281,
                    -10.16258716583252
                ],
                [
                    -0.9784691333770752,
                    -0.045182887464761734,
                    0.20138728618621826,
                    2.143648147583008
                ],
                [
                    0.0,
                    0.9757436513900757,
                    0.21891608834266663,
                    2.3302319049835205
                ],
                [
                    0.0,
                    0.0,
                    0.0,
                    1.0
                ]
            ]
        },
        {
            "file_path": "./images/image19",
            "rotation": 0.3141592653589793,
            "transform_matrix": [
                [
                    -0.14113940298557281,
                    0.45621058344841003,
                    -0.8786076903343201,
                    -9.35225772857666
                ],
                [
                    -0.9899897575378418,
                    -0.06504035741090775,
                    0.12526004016399384,
                    1.333318829536438
                ],
                [
                    -3.725290742551124e-09,
                    0.887491762638092,
                    0.46082356572151184,
                    4.905193328857422
                ],
                [
                    0.0,
                    0.0,
                    0.0,
                    1.0
                ]
            ]
        },
        {
            "file_path": "./images/image20",
            "rotation": 0.3141592653589793,
            "transform_matrix": [
                [
                    -1.4290781891190818e-08,
                    0.6576223969459534,
                    -0.7533476948738098,
                    -8.018939018249512
                ],
                [
                    -1.0,
                    -9.397938427468944e-09,
                    1.0765927704881051e-08,
                    1.1459691506843228e-07
                ],
                [
                    0.0,
                    0.7533477544784546,
                    0.6576223969459534,
                    7.0
                ],
                [
                    0.0,
                    0.0,
                    0.0,
                    1.0
                ]
            ]
        },
        {
            "file_path": "./images/image21",
            "rotation": 0.3141592653589793,
            "transform_matrix": [
                [
                    0.9997912049293518,
                    0.01994330622255802,
                    -0.004465732257813215,
                    -0.04753507301211357
                ],
                [
                    -0.020437179133296013,
                    0.9756308197975159,
                    -0.21846458315849304,
                    -2.3254261016845703
                ],
                [
                    -4.656613428188905e-10,
                    0.2185102105140686,
                    0.9758346080780029,
                    10.387181282043457
                ],
                [
                    0.0,
                    0.0,
                    0.0,
                    1.0
                ]
            ]
        },
        {
            "file_path": "./images/image22",
            "rotation": 0.3141592653589793,
            "transform_matrix": [
                [
                    0.9024897217750549,
                    -0.37959185242652893,
                    0.20352502167224884,
                    2.166403293609619
                ],
                [
                    0.430711567401886,
                    0.7953762412071228,
                    -0.4264553487300873,
                    -4.539364337921143
                ],
                [
                    0.0,
                    0.47253215312957764,
                    0.8813133835792542,
                    9.381058692932129
                ],
                [
                    0.0,
                    0.0,
                    0.0,
                    1.0
                ]
            ]
        },
        {
            "file_path": "./images/image23",
            "rotation": 0.3141592653589793,
            "transform_matrix": [
                [
                    0.8458346128463745,
                    -0.37369072437286377,
                    0.3806823492050171,
                    4.052137851715088
                ],
                [
                    0.5334451794624329,
                    0.5925267934799194,
                    -0.6036127209663391,
                    -6.425098896026611
                ],
                [
                    -1.4901159417490817e-08,
                    0.7136297225952148,
                    0.7005231380462646,
                    7.456653118133545
                ],
                [
                    0.0,
                    0.0,
                    0.0,
                    1.0
                ]
            ]
        },
        {
            "file_path": "./images/image24",
            "rotation": 0.3141592653589793,
            "transform_matrix": [
                [
                    0.8208876848220825,
                    -0.25765326619148254,
                    0.5096648335456848,
                    5.425080299377441
                ],
                [
                    0.5710897445678711,
                    0.37035229802131653,
                    -0.7325951457023621,
                    -7.798041343688965
                ],
                [
                    -1.4901162970204496e-08,
                    0.8924427032470703,
                    0.451160728931427,
                    4.802338600158691
                ],
                [
                    0.0,
                    0.0,
                    0.0,
                    1.0
                ]
            ]
        },
        {
            "file_path": "./images/image25",
            "rotation": 0.3141592653589793,
            "transform_matrix": [
                [
                    0.8109157681465149,
                    -0.09224250912666321,
                    0.5778468251228333,
                    6.150836944580078
                ],
                [
                    0.585162878036499,
                    0.1278291940689087,
                    -0.8007771372795105,
                    -8.523797988891602
                ],
                [
                    -7.450580596923828e-09,
                    0.9874973893165588,
                    0.15763558447360992,
                    1.677937388420105
                ],
                [
                    0.0,
                    0.0,
                    0.0,
                    1.0
                ]
            ]
        },
        {
            "file_path": "./images/image26",
            "rotation": 0.3141592653589793,
            "transform_matrix": [
                [
                    0.8108212947845459,
                    0.08856667578220367,
                    0.578554093837738,
                    6.158365726470947
                ],
                [
                    0.5852938890457153,
                    -0.12269347906112671,
                    -0.8014844655990601,
                    -8.531327247619629
                ],
                [
                    0.0,
                    0.988484799861908,
                    -0.15132002532482147,
                    -1.6107120513916016
                ],
                [
                    0.0,
                    0.0,
                    0.0,
                    1.0
                ]
            ]
        },
        {
            "file_path": "./images/image27",
            "rotation": 0.3141592653589793,
            "transform_matrix": [
                [
                    0.8205604553222656,
                    0.25460895895957947,
                    0.5117175579071045,
                    5.446929931640625
                ],
                [
                    0.5715598464012146,
                    -0.3655296564102173,
                    -0.7346478700637817,
                    -7.819891452789307
                ],
                [
                    1.4901162970204496e-08,
                    0.8953000903129578,
                    -0.4454634189605713,
                    -4.74169397354126
                ],
                [
                    0.0,
                    0.0,
                    0.0,
                    1.0
                ]
            ]
        },
        {
            "file_path": "./images/image28",
            "rotation": 0.3141592653589793,
            "transform_matrix": [
                [
                    0.8450918197631836,
                    0.3720971941947937,
                    0.3838794529438019,
                    4.086169719696045
                ],
                [
                    0.5346211791038513,
                    -0.5881852507591248,
                    -0.6068097949028015,
                    -6.459131240844727
                ],
                [
                    0.0,
                    0.7180401086807251,
                    -0.6960016489028931,
                    -7.4085259437561035
                ],
                [
                    0.0,
                    0.0,
                    0.0,
                    1.0
                ]
            ]
        },
        {
            "file_path": "./images/image29",
            "rotation": 0.3141592653589793,
            "transform_matrix": [
                [
                    0.9007696509361267,
                    0.38149121403694153,
                    0.20755362510681152,
                    2.2092854976654053
                ],
                [
                    0.43429723381996155,
                    -0.7912454605102539,
                    -0.43048399686813354,
                    -4.582247257232666
                ],
                [
                    0.0,
                    0.47790685296058655,
                    -0.8784104585647583,
                    -9.350159645080566
                ],
                [
                    0.0,
                    0.0,
                    0.0,
                    1.0
                ]
            ]
        },
        {
            "file_path": "./images/image30",
            "rotation": 0.3141592653589793,
            "transform_matrix": [
                [
                    1.0,
                    2.599510118272974e-08,
                    5.944699399407227e-09,
                    6.327780965875718e-08
                ],
                [
                    2.6666173269518367e-08,
                    -0.9748343229293823,
                    -0.22293035686016083,
                    -2.3729617595672607
                ],
                [
                    -4.440892627896218e-16,
                    0.22293029725551605,
                    -0.9748343229293823,
                    -10.376534461975098
                ],
                [
                    0.0,
                    0.0,
                    0.0,
                    1.0
                ]
            ]
        },
        {
            "file_path": "./images/image31",
            "rotation": 0.3141592653589793,
            "transform_matrix": [
                [
                    0.02043728530406952,
                    -0.9756308197975159,
                    -0.21846459805965424,
                    -2.3254263401031494
                ],
                [
                    -0.9997912049293518,
                    -0.01994341053068638,
                    -0.004465756006538868,
                    -0.047535330057144165
                ],
                [
                    0.0,
                    0.21851018071174622,
                    -0.9758346080780029,
                    -10.387182235717773
                ],
                [
                    0.0,
                    0.0,
                    0.0,
                    1.0
                ]
            ]
        },
        {
            "file_path": "./images/image32",
            "rotation": 0.3141592653589793,
            "transform_matrix": [
                [
                    -0.4307115375995636,
                    -0.7953763008117676,
                    -0.4264553487300873,
                    -4.539364814758301
                ],
                [
                    -0.9024897217750549,
                    0.37959185242652893,
                    0.20352500677108765,
                    2.166403293609619
                ],
                [
                    0.0,
                    0.4725320339202881,
                    -0.8813133835792542,
                    -9.381059646606445
                ],
                [
                    0.0,
                    0.0,
                    0.0,
                    1.0
                ]
            ]
        },
        {
            "file_path": "./images/image33",
            "rotation": 0.3141592653589793,
            "transform_matrix": [
                [
                    -0.5334452390670776,
                    -0.5925267934799194,
                    -0.6036126613616943,
                    -6.425099849700928
                ],
                [
                    -0.8458346724510193,
                    0.37369078397750854,
                    0.3806823492050171,
                    4.052138328552246
                ],
                [
                    0.0,
                    0.7136297225952148,
                    -0.7005231380462646,
                    -7.456654071807861
                ],
                [
                    0.0,
                    0.0,
                    0.0,
                    1.0
                ]
            ]
        },
        {
            "file_path": "./images/image34",
            "rotation": 0.3141592653589793,
            "transform_matrix": [
                [
                    -0.5710896849632263,
                    -0.37035229802131653,
                    -0.7325952053070068,
                    -7.798042297363281
                ],
                [
                    -0.8208876848220825,
                    0.25765326619148254,
                    0.5096648335456848,
                    5.4250807762146
                ],
                [
                    0.0,
                    0.8924427032470703,
                    -0.451160728931427,
                    -4.80233907699585
                ],
                [
                    0.0,
                    0.0,
                    0.0,
                    1.0
                ]
            ]
        },
        {
            "file_path": "./images/image35",
            "rotation": 0.3141592653589793,
            "transform_matrix": [
                [
                    -0.585162878036499,
                    -0.1278291940689087,
                    -0.8007771372795105,
                    -8.523798942565918
                ],
                [
                    -0.8109157681465149,
                    0.09224250912666321,
                    0.5778468251228333,
                    6.150837421417236
                ],
                [
                    -7.450580596923828e-09,
                    0.9874973893165588,
                    -0.15763558447360992,
                    -1.6779375076293945
                ],
                [
                    0.0,
                    0.0,
                    0.0,
                    1.0
                ]
            ]
        },
        {
            "file_path": "./images/image36",
            "rotation": 0.3141592653589793,
            "transform_matrix": [
                [
                    -0.5852938890457153,
                    0.1226934865117073,
                    -0.8014845252037048,
                    -8.531328201293945
                ],
                [
                    -0.8108213543891907,
                    -0.08856667578220367,
                    0.578554093837738,
                    6.1583662033081055
                ],
                [
                    0.0,
                    0.988484799861908,
                    0.15132002532482147,
                    1.6107121706008911
                ],
                [
                    0.0,
                    0.0,
                    0.0,
                    1.0
                ]
            ]
        },
        {
            "file_path": "./images/image37",
            "rotation": 0.3141592653589793,
            "transform_matrix": [
                [
                    -0.5715597867965698,
                    0.3655296266078949,
                    -0.7346479296684265,
                    -7.819892406463623
                ],
                [
                    -0.8205604553222656,
                    -0.2546089291572571,
                    0.5117175579071045,
                    5.446930408477783
                ],
                [
                    0.0,
                    0.8953001499176025,
                    0.4454634189605713,
                    4.741694450378418
                ],
                [
                    0.0,
                    0.0,
                    0.0,
                    1.0
                ]
            ]
        },
        {
            "file_path": "./images/image38",
            "rotation": 0.3141592653589793,
            "transform_matrix": [
                [
                    -0.5346211791038513,
                    0.5881853699684143,
                    -0.6068098545074463,
                    -6.459131717681885
                ],
                [
                    -0.8450919389724731,
                    -0.3720972239971161,
                    0.3838794529438019,
                    4.086169719696045
                ],
                [
                    1.4901162970204496e-08,
                    0.7180401086807251,
                    0.6960017085075378,
                    7.408526420593262
                ],
                [
                    0.0,
                    0.0,
                    0.0,
                    1.0
                ]
            ]
        },
        {
            "file_path": "./images/image39",
            "rotation": 0.3141592653589793,
            "transform_matrix": [
                [
                    -0.43429726362228394,
                    0.7912455201148987,
                    -0.43048399686813354,
                    -4.582247257232666
                ],
                [
                    -0.9007697105407715,
                    -0.3814912438392639,
                    0.20755362510681152,
                    2.2092854976654053
                ],
                [
                    0.0,
                    0.4779069125652313,
                    0.8784105777740479,
                    9.350160598754883
                ],
                [
                    0.0,
                    0.0,
                    0.0,
                    1.0
                ]
            ]
        },
        {
            "file_path": "./images/image40",
            "rotation": 0.3141592653589793,
            "transform_matrix": [
                [
                    6.11504518133188e-08,
                    0.9748344421386719,
                    -0.22293034195899963,
                    -2.3729615211486816
                ],
                [
                    -1.0,
                    5.961156546163693e-08,
                    -1.3632291739895663e-08,
                    -1.4510767698538984e-07
                ],
                [
                    -8.881784197001252e-16,
                    0.22293034195899963,
                    0.9748343825340271,
                    10.376535415649414
                ],
                [
                    0.0,
                    0.0,
                    0.0,
                    1.0
                ]
            ]
        },
        {
            "file_path": "./images/image41",
            "rotation": 0.3141592653589793,
            "transform_matrix": [
                [
                    0.3113734722137451,
                    -0.7496676445007324,
                    0.5839905142784119,
                    6.216233253479004
                ],
                [
                    0.9502876996994019,
                    0.24563784897327423,
                    -0.19135168194770813,
                    -2.03682541847229
                ],
                [
                    0.0,
                    0.6145408153533936,
                    0.7888850569725037,
                    8.397214889526367
                ],
                [
                    0.0,
                    0.0,
                    0.0,
                    1.0
                ]
            ]
        },
        {
            "file_path": "./images/image42",
            "rotation": 0.3141592653589793,
            "transform_matrix": [
                [
                    0.42352908849716187,
                    -0.5261871814727783,
                    0.7373942732810974,
                    7.849125385284424
                ],
                [
                    0.9058825969696045,
                    0.24600933492183685,
                    -0.3447554111480713,
                    -3.669717311859131
                ],
                [
                    0.0,
                    0.8140064477920532,
                    0.5808558464050293,
                    6.18286657333374
                ],
                [
                    0.0,
                    0.0,
                    0.0,
                    1.0
                ]
            ]
        },
        {
            "file_path": "./images/image43",
            "rotation": 0.3141592653589793,
            "transform_matrix": [
                [
                    0.46923398971557617,
                    -0.2790233790874481,
                    0.8378337621688843,
                    8.918245315551758
                ],
                [
                    0.8830739855766296,
                    0.148263081908226,
                    -0.44519495964050293,
                    -4.738837242126465
                ],
                [
                    -7.450581485102248e-09,
                    0.948769748210907,
                    0.3159683048725128,
                    3.3632960319519043
                ],
                [
                    0.0,
                    0.0,
                    0.0,
                    1.0
                ]
            ]
        },
        {
            "file_path": "./images/image44",
            "rotation": 0.3141592653589793,
            "transform_matrix": [
                [
                    0.48293671011924744,
                    -0.01764591969549656,
                    0.8754774332046509,
                    9.318940162658691
                ],
                [
                    0.8756552934646606,
                    0.009731982834637165,
                    -0.48283860087394714,
                    -5.13953161239624
                ],
                [
                    0.0,
                    0.999796986579895,
                    0.020151672884821892,
                    0.21450264751911163
                ],
                [
                    0.0,
                    0.0,
                    0.0,
                    1.0
                ]
            ]
        },
        {
            "file_path": "./images/image45",
            "rotation": 0.3141592653589793,
            "transform_matrix": [
                [
                    0.4725806415081024,
                    0.24467845261096954,
                    0.846640408039093,
                    9.01198673248291
                ],
                [
                    0.8812874555587769,
                    -0.13120612502098083,
                    -0.4540015459060669,
                    -4.832578182220459
                ],
                [
                    1.4901162970204496e-08,
                    0.9606857895851135,
                    -0.2776375412940979,
                    -2.9552876949310303
                ],
                [
                    0.0,
                    0.0,
                    0.0,
                    1.0
                ]
            ]
        },
        {
            "file_path": "./images/image46",
            "rotation": 0.3141592653589793,
            "transform_matrix": [
                [
                    0.4322613775730133,
                    0.4943832457065582,
                    0.7541454434394836,
                    8.027432441711426
                ],
                [
                    0.9017484784126282,
