{
    "camera_angle_x": 0.6911112070083618,
    "w": 1920.0,
    "h": 1080.0,
    "aabb_scale": 16,
    "frames": [
        {
            "file_path": "./images/image1",
            "rotation": 0.20943951023931956,
            "transform_matrix": [
                [
                    0.14874202013015747,
                    0.7237857580184937,
                    -0.6738026738166809,
                    -10.665252685546875
                ],
                [
                    -0.9888761043548584,
                    0.10886839777231216,
                    -0.10135018080472946,
                    -1.6042163372039795
                ],
                [
                    0.0,
                    0.6813822388648987,
                    0.7319276928901672,
                    11.585281372070312
                ],
                [
                    0.0,
                    0.0,
                    0.0,
                    1.0
                ]
            ]
        },
        {
            "file_path": "./images/image2",
            "rotation": 0.20943951023931956,
            "transform_matrix": [
                [
                    0.35875704884529114,
                    0.7468314170837402,
                    -0.5599430203437805,
                    -8.863031387329102
                ],
                [
                    -0.9334310293197632,
                    0.2870389223098755,
                    -0.21520979702472687,
                    -3.406438112258911
                ],
                [
                    0.0,
                    0.5998762249946594,
                    0.8000927567481995,
                    12.664230346679688
                ],
                [
                    0.0,
                    0.0,
                    0.0,
                    1.0
                ]
            ]
        },
        {
            "file_path": "./images/image3",
            "rotation": 0.20943951023931956,
            "transform_matrix": [
                [
                    0.6088654398918152,
                    0.6610269546508789,
                    -0.4385501742362976,
                    -6.941569805145264
                ],
                [
                    -0.7932735681533813,
                    0.5073615312576294,
                    -0.33660271763801575,
                    -5.32789945602417
                ],
                [
                    1.4901162970204496e-08,
                    0.5528358817100525,
                    0.8332901000976562,
                    13.189691543579102
                ],
                [
                    0.0,
                    0.0,
                    0.0,
                    1.0
                ]
            ]
        },
        {
            "file_path": "./images/image4",
            "rotation": 0.20943951023931956,
            "transform_matrix": [
                [
                    0.8252740502357483,
                    0.4687666893005371,
                    -0.31492945551872253,
                    -4.984846115112305
                ],
                [
                    -0.564732551574707,
                    0.6850339770317078,
                    -0.46022331714630127,
                    -7.284623146057129
                ],
                [
                    1.4901164746561335e-08,
                    0.5576612949371338,
                    0.8300685286521912,
                    13.138700485229492
                ],
                [
                    0.0,
                    0.0,
                    0.0,
                    1.0
                ]
            ]
        },
        {
            "file_path": "./images/image5",
            "rotation": 0.20943951023931956,
            "transform_matrix": [
                [
                    0.9482280015945435,
                    0.2510772943496704,
                    -0.19448380172252655,
                    -3.0783777236938477
                ],
                [
                    -0.3175905644893646,
                    0.7496397495269775,
                    -0.5806689858436584,
                    -9.191091537475586
                ],
                [
                    -1.4901162970204496e-08,
                    0.6123728156089783,
                    0.7905690670013428,
                    12.513484954833984
                ],
                [
                    0.0,
                    0.0,
                    0.0,
                    1.0
                ]
            ]
        },
        {
            "file_path": "./images/image6",
            "rotation": 0.20943951023931956,
            "transform_matrix": [
                [
                    0.9929856061935425,
                    0.08471771329641342,
                    -0.08247724175453186,
                    -1.3054869174957275
                ],
                [
                    -0.11823529750108719,
                    0.7114920020103455,
                    -0.6926756501197815,
                    -10.963982582092285
                ],
                [
                    0.0,
                    0.6975685954093933,
                    0.716517984867096,
                    11.34136962890625
                ],
                [
                    0.0,
                    0.0,
                    0.0,
                    1.0
                ]
            ]
        },
        {
            "file_path": "./images/image7",
            "rotation": 0.20943951023931956,
            "transform_matrix": [
                [
                    0.9997906684875488,
                    -0.01250468846410513,
                    0.016195053234696388,
                    0.2563425898551941
                ],
                [
                    0.020460864529013634,
                    0.6110236048698425,
                    -0.7913479804992676,
                    -12.525812149047852
                ],
                [
                    9.313225746154785e-10,
                    0.7915136218070984,
                    0.6111515164375305,
                    9.673582077026367
                ],
                [
                    0.0,
                    0.0,
                    0.0,
                    1.0
                ]
            ]
        },
        {
            "file_path": "./images/image8",
            "rotation": 0.20943951023931956,
            "transform_matrix": [
                [
                    0.9938473701477051,
                    -0.05306141823530197,
                    0.09722058475017548,
                    1.538851261138916
                ],
                [
                    0.11075808852910995,
                    0.4761273264884949,
                    -0.8723735213279724,
                    -13.808320999145508
                ],
                [
                    0.0,
                    0.8777741193771362,
                    0.4790748655796051,
                    7.58301305770874
                ],
                [
                    0.0,
                    0.0,
                    0.0,
                    1.0
                ]
            ]
        },
        {
            "file_path": "./images/image9",
            "rotation": 0.20943951023931956,
            "transform_matrix": [
                [
                    0.9861025810241699,
                    -0.05417093262076378,
                    0.15705816447734833,
                    2.485987424850464
                ],
                [
                    0.16613776981830597,
                    0.32152894139289856,
                    -0.9322110414505005,
                    -14.755456924438477
                ],
                [
                    -3.725290298461914e-09,
                    0.9453489780426025,
                    0.32606032490730286,
                    5.161029815673828
                ],
                [
                    0.0,
                    0.0,
                    0.0,
                    1.0
                ]
            ]
        },
        {
            "file_path": "./images/image10",
            "rotation": 0.20943951023931956,
            "transform_matrix": [
                [
                    0.9806889891624451,
                    -0.031056266278028488,
                    0.19309256970882416,
                    3.05635666847229
                ],
                [
                    0.19557413458824158,
                    0.15572886168956757,
                    -0.9682453870773315,
                    -15.325826644897461
                ],
                [
                    0.0,
                    0.9873115420341492,
                    0.15879535675048828,
                    2.5134847164154053
                ],
                [
                    0.0,
                    0.0,
                    0.0,
                    1.0
                ]
            ]
        },
        {
            "file_path": "./images/image11",
            "rotation": 0.20943951023931956,
            "transform_matrix": [
                [
                    0.9790181517601013,
                    0.0031400839798152447,
                    0.20374900102615356,
                    3.2250311374664307
                ],
                [
                    0.20377320051193237,
                    -0.015086377039551735,
                    -0.9789019227027893,
                    -15.494501113891602
                ],
                [
                    0.0,
                    0.9998812675476074,
                    -0.015409703366458416,
                    -0.2439117282629013
                ],
                [
                    0.0,
                    0.0,
                    0.0,
                    1.0
                ]
            ]
        },
        {
            "file_path": "./images/image12",
            "rotation": 0.20943951023931956,
            "transform_matrix": [
                [
                    0.9813909530639648,
                    0.036280557513237,
                    0.18856166303157806,
                    2.9846389293670654
                ],
                [
                    0.1920202523469925,
                    -0.1854252964258194,
                    -0.9637145400047302,
                    -15.254108428955078
                ],
                [
                    3.725290298461914e-09,
                    0.9819883704185486,
                    -0.18894129991531372,
                    -2.990648031234741
                ],
                [
                    0.0,
                    0.0,
                    0.0,
                    1.0
                ]
            ]
        },
        {
            "file_path": "./images/image13",
            "rotation": 0.20943951023931956,
            "transform_matrix": [
                [
                    0.9873640537261963,
                    0.05613206326961517,
                    0.1481943130493164,
                    2.345686435699463
                ],
                [
                    0.1584688127040863,
                    -0.3497393727302551,
                    -0.9233472347259521,
                    -14.615156173706055
                ],
                [
                    0.0,
                    0.9351639747619629,
                    -0.35421523451805115,
                    -5.606678485870361
                ],
                [
                    0.0,
                    0.0,
                    0.0,
                    1.0
                ]
            ]
        },
        {
            "file_path": "./images/image14",
            "rotation": 0.20943951023931956,
            "transform_matrix": [
                [
                    0.9952127933502197,
                    0.04925784841179848,
                    0.08441120386123657,
                    1.3360987901687622
                ],
                [
                    0.09773223102092743,
                    -0.5015954375267029,
                    -0.8595640659332275,
                    -13.605568885803223
                ],
                [
                    0.0,
                    0.8636987805366516,
                    -0.5040082335472107,
                    -7.977670192718506
                ],
                [
                    0.0,
                    0.0,
                    0.0,
                    1.0
                ]
            ]
        },
        {
            "file_path": "./images/image15",
            "rotation": 0.20943951023931956,
            "transform_matrix": [
                [
                    1.0,
                    -7.811232549670422e-09,
                    -9.583968285653555e-09,
                    -1.516993819450363e-07
                ],
                [
                    -1.2363972068385465e-08,
                    -0.6317737102508545,
                    -0.775152862071991,
                    -12.26947021484375
                ],
                [
                    0.0,
                    0.775152862071991,
                    -0.6317737102508545,
                    -10.0
                ],
                [
                    0.0,
                    0.0,
                    0.0,
                    1.0
                ]
            ]
        },
        {
            "file_path": "./images/image16",
            "rotation": 0.20943951023931956,
            "transform_matrix": [
                [
                    0.9888761043548584,
                    -0.10886837542057037,
                    -0.10135017335414886,
                    -1.604216456413269
                ],
                [
                    -0.14874200522899628,
                    -0.7237856984138489,
                    -0.6738026738166809,
                    -10.665253639221191
                ],
                [
                    -7.450581485102248e-09,
                    0.681382417678833,
                    -0.7319275736808777,
                    -11.585281372070312
                ],
                [
                    0.0,
                    0.0,
                    0.0,
                    1.0
                ]
            ]
        },
        {
            "file_path": "./images/image17",
            "rotation": 0.20943951023931956,
            "transform_matrix": [
                [
                    0.9334310293197632,
                    -0.2870388925075531,
                    -0.21520979702472687,
                    -3.406438112258911
                ],
                [
                    -0.358756959438324,
                    -0.746831476688385,
                    -0.5599430799484253,
                    -8.863032341003418
                ],
                [
                    0.0,
                    0.5998761653900146,
                    -0.8000927567481995,
                    -12.664230346679688
                ],
                [
                    0.0,
                    0.0,
                    0.0,
                    1.0
                ]
            ]
        },
        {
            "file_path": "./images/image18",
            "rotation": 0.20943951023931956,
            "transform_matrix": [
                [
                    0.7932735085487366,
                    -0.5073614716529846,
                    -0.33660271763801575,
                    -5.32789945602417
                ],
                [
                    -0.6088653802871704,
                    -0.6610269546508789,
                    -0.4385502338409424,
                    -6.94157075881958
                ],
                [
                    2.9802318834981634e-08,
                    0.5528361201286316,
                    -0.8332901000976562,
                    -13.189691543579102
                ],
                [
                    0.0,
                    0.0,
                    0.0,
                    1.0
                ]
            ]
        },
        {
            "file_path": "./images/image19",
            "rotation": 0.20943951023931956,
            "transform_matrix": [
                [
                    0.5647326111793518,
                    -0.6850339770317078,
                    -0.46022331714630127,
                    -7.284623146057129
                ],
                [
                    -0.8252739906311035,
                    -0.46876680850982666,
                    -0.3149295151233673,
                    -4.984847068786621
                ],
                [
                    0.0,
                    0.5576612949371338,
                    -0.8300685286521912,
                    -13.138700485229492
                ],
                [
                    0.0,
                    0.0,
                    0.0,
                    1.0
                ]
            ]
        },
        {
            "file_path": "./images/image20",
            "rotation": 0.20943951023931956,
            "transform_matrix": [
                [
                    0.3175906538963318,
                    -0.7496396899223328,
                    -0.5806689858436584,
                    -9.191091537475586
                ],
                [
                    -0.9482280015945435,
                    -0.2510773539543152,
                    -0.19448386132717133,
                    -3.078378677368164
                ],
                [
                    0.0,
                    0.6123728156089783,
                    -0.7905690670013428,
                    -12.513484954833984
                ],
                [
                    0.0,
                    0.0,
                    0.0,
                    1.0
                ]
            ]
        },
        {
            "file_path": "./images/image21",
            "rotation": 0.20943951023931956,
            "transform_matrix": [
                [
                    0.11823537200689316,
                    -0.7114920616149902,
                    -0.6926755905151367,
                    -10.963982582092285
                ],
                [
                    -0.9929856061935425,
                    -0.0847177729010582,
                    -0.08247728645801544,
                    -1.305487871170044
                ],
                [
                    0.0,
                    0.6975685954093933,
                    -0.716517984867096,
                    -11.341370582580566
                ],
                [
                    0.0,
                    0.0,
                    0.0,
                    1.0
                ]
            ]
        },
        {
            "file_path": "./images/image22",
            "rotation": 0.20943951023931956,
            "transform_matrix": [
                [
                    -0.02046079933643341,
                    -0.6110235452651978,
                    -0.791347861289978,
                    -12.525812149047852
                ],
                [
                    -0.9997906684875488,
                    0.012504647485911846,
                    0.01619499921798706,
                    0.2563417851924896
                ],
                [
                    0.0,
                    0.7915136218070984,
                    -0.6111515164375305,
                    -9.673583030700684
                ],
                [
                    0.0,
                    0.0,
                    0.0,
                    1.0
                ]
            ]
        },
        {
            "file_path": "./images/image23",
            "rotation": 0.20943951023931956,
            "transform_matrix": [
                [
                    -0.11075805127620697,
                    -0.47612735629081726,
                    -0.8723734021186829,
                    -13.808320999145508
                ],
                [
                    -0.9938474297523499,
                    0.05306140333414078,
                    0.0972205400466919,
                    1.5388506650924683
                ],
                [
                    0.0,
                    0.8777740597724915,
                    -0.4790748655796051,
                    -7.583014011383057
                ],
                [
                    0.0,
                    0.0,
                    0.0,
                    1.0
                ]
            ]
        },
        {
            "file_path": "./images/image24",
            "rotation": 0.20943951023931956,
            "transform_matrix": [
                [
                    -0.1661377251148224,
                    -0.32152900099754333,
                    -0.9322109818458557,
                    -14.755456924438477
                ],
                [
                    -0.9861025810241699,
                    0.05417093262076378,
                    0.15705811977386475,
                    2.4859869480133057
                ],
                [
                    0.0,
                    0.9453490376472473,
                    -0.32606035470962524,
                    -5.1610307693481445
                ],
                [
                    0.0,
                    0.0,
                    0.0,
                    1.0
                ]
            ]
        },
        {
            "file_path": "./images/image25",
            "rotation": 0.20943951023931956,
            "transform_matrix": [
                [
                    -0.19557413458824158,
                    -0.15572892129421234,
                    -0.9682453870773315,
                    -15.325826644897461
                ],
                [
                    -0.9806889891624451,
                    0.031056277453899384,
                    0.19309255480766296,
                    3.056356430053711
                ],
                [
                    3.725290742551124e-09,
                    0.9873115420341492,
                    -0.15879541635513306,
                    -2.5134856700897217
                ],
                [
                    0.0,
                    0.0,
                    0.0,
                    1.0
                ]
            ]
        },
        {
            "file_path": "./images/image26",
            "rotation": 0.20943951023931956,
            "transform_matrix": [
                [
                    -0.20377320051193237,
                    0.01508631743490696,
                    -0.9789019227027893,
                    -15.494501113891602
                ],
                [
                    -0.9790181517601013,
                    -0.003140071639791131,
                    0.20374900102615356,
                    3.2250311374664307
                ],
                [
                    -2.3283064365386963e-10,
                    0.9998812675476074,
                    0.015409641899168491,
                    0.2439107596874237
                ],
                [
                    0.0,
                    0.0,
                    0.0,
                    1.0
                ]
            ]
        },
        {
            "file_path": "./images/image27",
            "rotation": 0.20943951023931956,
            "transform_matrix": [
                [
                    -0.1920202672481537,
                    0.18542520701885223,
                    -0.9637144804000854,
                    -15.254109382629395
                ],
                [
                    -0.9813910126686096,
                    -0.03628053888678551,
                    0.18856164813041687,
                    2.9846391677856445
                ],
                [
                    0.0,
                    0.9819883704185486,
                    0.18894121050834656,
                    2.990647077560425
                ],
                [
                    0.0,
                    0.0,
                    0.0,
                    1.0
                ]
            ]
        },
        {
            "file_path": "./images/image28",
            "rotation": 0.20943951023931956,
            "transform_matrix": [
                [
                    -0.1584688127040863,
                    0.34973931312561035,
                    -0.9233471751213074,
                    -14.615157127380371
                ],
                [
                    -0.9873640537261963,
                    -0.056132055819034576,
                    0.1481943130493164,
                    2.345686674118042
                ],
                [
                    3.725290742551124e-09,
                    0.9351639151573181,
                    0.35421517491340637,
                    5.606678009033203
                ],
                [
                    0.0,
                    0.0,
                    0.0,
                    1.0
                ]
            ]
        },
        {
            "file_path": "./images/image29",
            "rotation": 0.20943951023931956,
            "transform_matrix": [
                [
                    -0.09773224592208862,
                    0.5015953779220581,
                    -0.8595641255378723,
                    -13.605569839477539
                ],
                [
                    -0.9952128529548645,
                    -0.04925784841179848,
                    0.08441121876239777,
                    1.3360990285873413
                ],
                [
                    0.0,
                    0.8636988401412964,
                    0.5040082335472107,
                    7.977670192718506
                ],
                [
                    0.0,
                    0.0,
                    0.0,
                    1.0
                ]
            ]
        },
        {
            "file_path": "./images/image30",
            "rotation": 0.20943951023931956,
            "transform_matrix": [
                [
                    -6.006302122329998e-09,
                    0.6317737102508545,
                    -0.7751529216766357,
                    -12.269471168518066
                ],
                [
                    -1.0,
                    -3.794623726349755e-09,
                    4.655802854358626e-09,
                    7.369415300217952e-08
                ],
                [
                    2.220446049250313e-16,
                    0.7751528024673462,
                    0.6317737102508545,
                    10.0
                ],
                [
                    0.0,
                    0.0,
                    0.0,
                    1.0
                ]
            ]
        },
        {
            "file_path": "./images/image31",
            "rotation": 0.20943951023931956,
            "transform_matrix": [
                [
                    0.7942978739738464,
                    0.5973312258720398,
                    -0.110844187438488,
                    -1.754491925239563
                ],
                [
                    -0.6075286269187927,
                    0.7809654474258423,
                    -0.14492040872573853,
                    -2.293865919113159
                ],
                [
                    -7.450581485102248e-09,
                    0.18245097994804382,
                    0.9832149147987366,
                    15.56277084350586
                ],
                [
                    0.0,
                    0.0,
                    0.0,
                    1.0
                ]
            ]
        },
        {
            "file_path": "./images/image32",
            "rotation": 0.20943951023931956,
            "transform_matrix": [
                [
                    0.9934190511703491,
                    -0.10957986116409302,
                    0.03333158791065216,
                    0.5275874733924866
                ],
                [
                    0.1145370677113533,
                    0.9504234790802002,
                    -0.2890962064266205,
                    -4.5759453773498535
                ],
                [
                    0.0,
                    0.2910112738609314,
                    0.9567195773124695,
                    15.143390655517578
                ],
                [
                    0.0,
                    0.0,
                    0.0,
                    1.0
                ]
            ]
        },
        {
            "file_path": "./images/image33",
            "rotation": 0.20943951023931956,
            "transform_matrix": [
                [
                    0.9284984469413757,
                    -0.3298993408679962,
                    0.17046155035495758,
                    2.6981425285339355
                ],
                [
                    0.3713364005088806,
                    0.8248882293701172,
                    -0.4262261688709259,
                    -6.746500492095947
                ],
                [
                    1.4901161193847656e-08,
                    0.45904892683029175,
                    0.8884109854698181,
                    14.06217098236084
                ],
                [
                    0.0,
                    0.0,
                    0.0,
                    1.0
                ]
            ]
        },
        {
            "file_path": "./images/image34",
            "rotation": 0.20943951023931956,
            "transform_matrix": [
                [
                    0.8816536068916321,
                    -0.368681401014328,
                    0.29455241560935974,
                    4.662309169769287
                ],
                [
                    0.4718974232673645,
                    0.6888134479522705,
                    -0.5503170490264893,
                    -8.710667610168457
                ],
                [
                    0.0,
                    0.6241874098777771,
                    0.7812745571136475,
                    12.36636734008789
                ],
                [
                    0.0,
                    0.0,
                    0.0,
                    1.0
                ]
            ]
        },
        {
            "file_path": "./images/image35",
            "rotation": 0.20943951023931956,
            "transform_matrix": [
                [
                    0.8536722660064697,
                    -0.33331498503685,
                    0.4001808762550354,
                    6.334244251251221
                ],
                [
                    0.5208104848861694,
                    0.5463441610336304,
                    -0.6559455394744873,
                    -10.38260269165039
                ],
                [
                    0.0,
                    0.7683809995651245,
                    0.6399927139282227,
                    10.130094528198242
                ],
                [
                    0.0,
                    0.0,
                    0.0,
                    1.0
                ]
            ]
        },
        {
            "file_path": "./images/image36",
            "rotation": 0.20943951023931956,
            "transform_matrix": [
                [
                    0.837037980556488,
                    -0.2575629949569702,
                    0.4827304780483246,
                    7.640876293182373
                ],
                [
                    0.5471447706222534,
                    0.39402735233306885,
                    -0.7384951114654541,
                    -11.689234733581543
                ],
                [
                    0.0,
                    0.882271945476532,
                    0.47074010968208313,
                    7.451087474822998
                ],
                [
                    0.0,
                    0.0,
                    0.0,
                    1.0
                ]
            ]
        },
        {
            "file_path": "./images/image37",
            "rotation": 0.20943951023931956,
            "transform_matrix": [
                [
                    0.8276864290237427,
                    -0.1576463133096695,
                    0.5385932922363281,
                    8.52509880065918
                ],
                [
                    0.5611908435821533,
                    0.23250864446163177,
                    -0.79435795545578,
                    -12.573457717895508
                ],
                [
                    0.0,
                    0.9597330093383789,
                    0.2809138894081116,
                    4.446432113647461
                ],
                [
                    0.0,
                    0.0,
                    0.0,
                    1.0
                ]
            ]
        },
        {
            "file_path": "./images/image38",
            "rotation": 0.20943951023931956,
            "transform_matrix": [
                [
                    0.8236546516418457,
                    -0.04469272866845131,
                    0.5653279423713684,
                    8.948266983032227
                ],
                [
                    0.5670918822288513,
                    0.06491254270076752,
                    -0.8210926651954651,
                    -12.996625900268555
                ],
                [
                    -3.725290742551124e-09,
                    0.996889591217041,
                    0.07881038635969162,
                    1.2474464178085327
                ],
                [
                    0.0,
                    0.0,
                    0.0,
                    1.0
                ]
            ]
        },
        {
            "file_path": "./images/image39",
            "rotation": 0.20943951023931956,
            "transform_matrix": [
                [
                    0.8241766691207886,
                    0.07177560031414032,
                    0.5617660880088806,
                    8.891886711120605
                ],
                [
                    0.5663328170776367,
                    -0.10445408523082733,
                    -0.8175307512283325,
                    -12.940245628356934
                ],
                [
                    0.0,
                    0.9919362664222717,
                    -0.12673750519752502,
                    -2.00605845451355
                ],
                [
                    0.0,
                    0.0,
                    0.0,
                    1.0
                ]
            ]
        },
        {
            "file_path": "./images/image40",
            "rotation": 0.20943951023931956,
            "transform_matrix": [
                [
                    0.829349160194397,
                    0.18256321549415588,
                    0.528063178062439,
                    8.35842227935791
                ],
                [
                    0.5587307214736938,
                    -0.27098679542541504,
                    -0.7838279008865356,
                    -12.406781196594238
                ],
                [
                    0.0,
                    0.9451120495796204,
                    -0.3267463743686676,
                    -5.171888828277588
                ],
                [
                    0.0,
                    0.0,
                    0.0,
                    1.0
                ]
            ]
        },
        {
            "file_path": "./images/image41",
            "rotation": 0.20943951023931956,
            "transform_matrix": [
                [
                    0.8401713371276855,
                    0.27792593836784363,
                    0.46569234132766724,
                    7.371188163757324
                ],
                [
                    0.5423210859298706,
                    -0.430566668510437,
                    -0.7214570045471191,
                    -11.419547080993652
                ],
                [
                    -1.4901161193847656e-08,
                    0.8587022423744202,
                    -0.5124748349189758,
                    -8.111682891845703
                ],
                [
                    0.0,
                    0.0,
                    0.0,
                    1.0
                ]
            ]
        },
        {
            "file_path": "./images/image42",
            "rotation": 0.20943951023931956,
            "transform_matrix": [
                [
                    0.858989953994751,
                    0.34600749611854553,
                    0.3773794174194336,
                    5.973331451416016
                ],
                [
                    0.5119926333427429,
                    -0.5805101990699768,
                    -0.6331441402435303,
                    -10.021690368652344
                ],
                [
                    -2.980232594040899e-08,
                    0.7370797395706177,
                    -0.6758057475090027,
                    -10.6969575881958
                ],
                [
                    0.0,
                    0.0,
                    0.0,
                    1.0
                ]
            ]
        },
        {
            "file_path": "./images/image43",
            "rotation": 0.20943951023931956,
            "transform_matrix": [
                [
                    0.8905718326568604,
                    0.36824098229408264,
                    0.26698413491249084,
                    4.225944995880127
                ],
                [
                    0.45484280586242676,
                    -0.7210074663162231,
                    -0.5227488279342651,
                    -8.274304389953613
                ],
                [
                    1.4901161193847656e-08,
                    0.5869811773300171,
                    -0.8096006512641907,
                    -12.81472396850586
                ],
                [
                    0.0,
                    0.0,
                    0.0,
                    1.0
                ]
            ]
        },
        {
            "file_path": "./images/image44",
            "rotation": 0.20943951023931956,
            "transform_matrix": [
                [
                    0.9430760741233826,
                    0.3019842505455017,
                    0.13933128118515015,
                    2.2053983211517334
                ],
                [
                    0.3325773775577545,
                    -0.8563243746757507,
                    -0.3950960040092468,
                    -6.253757476806641
                ],
                [
                    0.0,
                    0.4189439117908478,
                    -0.9080120921134949,
                    -14.372425079345703
                ],
                [
                    0.0,
                    0.0,
                    0.0,
                    1.0
                ]
            ]
        },
        {
            "file_path": "./images/image45",
            "rotation": 0.20943951023931956,
            "transform_matrix": [
                [
                    1.0,
                    -2.8484470249168226e-07,
                    -7.535973622907477e-08,
                    -1.1928278809136827e-06
                ],
                [
                    -2.946448489637987e-07,
                    -0.9667391180992126,
                    -0.2557646334171295,
                    -4.048357963562012
                ],
                [
                    0.0,
                    0.2557646930217743,
                    -0.9667390584945679,
                    -15.301981925964355
                ],
                [
                    0.0,
                    0.0,
                    0.0,
                    1.0
                ]
            ]
        },
        {
            "file_path": "./images/image46",
            "rotation": 0.20943951023931956,
            "transform_matrix": [
                [
                    0.6075285077095032,
                    -0.7809655666351318,
                    -0.1449204981327057,
