{
    "camera_angle_x": 0.6911112070083618,
    "w": 256,
    "h": 256,
    "focus": 50,
    "aabb_scale": 16,
    "frames": [
        {
            "file_path": "./images/image1",
            "rotation": 0.20943951023931956,
            "transform_matrix": [
                [
                    0.1597156971693039,
                    0.744326651096344,
                    -0.6484355926513672,
                    -6.902212142944336
                ],
                [
                    -0.9871630668640137,
                    0.12042655050754547,
                    -0.10491208732128143,
                    -1.1167268753051758
                ],
                [
                    0.0,
                    0.6568677425384521,
                    0.7540057301521301,
                    8.025943756103516
                ],
                [
                    0.0,
                    0.0,
                    0.0,
                    1.0
                ]
            ]
        },
        {
            "file_path": "./images/image2",
            "rotation": 0.20943951023931956,
            "transform_matrix": [
                [
                    0.38488489389419556,
                    0.7544640302658081,
                    -0.5316462516784668,
                    -5.659058570861816
                ],
                [
                    -0.9229646325111389,
                    0.3146185576915741,
                    -0.2217014580965042,
                    -2.3598804473876953
                ],
                [
                    0.0,
                    0.5760201215744019,
                    0.8174355030059814,
                    8.701115608215332
                ],
                [
                    0.0,
                    0.0,
                    0.0,
                    1.0
                ]
            ]
        },
        {
            "file_path": "./images/image3",
            "rotation": 0.20943951023931956,
            "transform_matrix": [
                [
                    0.6459010243415833,
                    0.6451972126960754,
                    -0.40808379650115967,
                    -4.343810081481934
                ],
                [
                    -0.7634211778640747,
                    0.5458763241767883,
                    -0.34526386857032776,
                    -3.6751291751861572
                ],
                [
                    0.0,
                    0.5345460772514343,
                    0.8451392650604248,
                    8.996006965637207
                ],
                [
                    0.0,
                    0.0,
                    0.0,
                    1.0
                ]
            ]
        },
        {
            "file_path": "./images/image4",
            "rotation": 0.20943951023931956,
            "transform_matrix": [
                [
                    0.8566645383834839,
                    0.4312223196029663,
                    -0.2831486463546753,
                    -3.013949155807495
                ],
                [
                    -0.5158738493919373,
                    0.716091513633728,
                    -0.4701990783214569,
                    -5.004990100860596
                ],
                [
                    0.0,
                    0.5488718152046204,
                    0.8359065055847168,
                    8.89772891998291
                ],
                [
                    0.0,
                    0.0,
                    0.0,
                    1.0
                ]
            ]
        },
        {
            "file_path": "./images/image5",
            "rotation": 0.20943951023931956,
            "transform_matrix": [
                [
                    0.9643041491508484,
                    0.20922695100307465,
                    -0.1623009443283081,
                    -1.7275972366333008
                ],
                [
                    -0.2647970914840698,
                    0.7619359493255615,
                    -0.5910468101501465,
                    -6.291342258453369
                ],
                [
                    7.4505797087454084e-09,
                    0.6129257082939148,
                    0.7901405692100525,
                    8.410577774047852
                ],
                [
                    0.0,
                    0.0,
                    0.0,
                    1.0
                ]
            ]
        },
        {
            "file_path": "./images/image6",
            "rotation": 0.20943951023931956,
            "transform_matrix": [
                [
                    0.9973935484886169,
                    0.05121781677007675,
                    -0.05082238093018532,
                    -0.5409740805625916
                ],
                [
                    -0.07215385884046555,
                    0.7079914808273315,
                    -0.7025253176689148,
                    -7.477965354919434
                ],
                [
                    0.0,
                    0.7043612003326416,
                    0.7098417282104492,
                    7.555843830108643
                ],
                [
                    0.0,
                    0.0,
                    0.0,
                    1.0
                ]
            ]
        },
        {
            "file_path": "./images/image7",
            "rotation": 0.20943951023931956,
            "transform_matrix": [
                [
                    0.9983202219009399,
                    -0.034677233546972275,
                    0.04641490429639816,
                    0.49405914545059204
                ],
                [
                    0.05793836712837219,
                    0.5975139737129211,
                    -0.7997625470161438,
                    -8.512998580932617
                ],
                [
                    0.0,
                    0.8011083602905273,
                    0.5985193252563477,
                    6.370883464813232
                ],
                [
                    0.0,
                    0.0,
                    0.0,
                    1.0
                ]
            ]
        },
        {
            "file_path": "./images/image8",
            "rotation": 0.20943951023931956,
            "transform_matrix": [
                [
                    0.9900031089782715,
                    -0.06502757221460342,
                    0.12516118586063385,
                    1.3322665691375732
                ],
                [
                    0.14104577898979187,
                    0.4564298689365387,
                    -0.8785088658332825,
                    -9.351205825805664
                ],
                [
                    -7.450581485102248e-09,
                    0.8873798847198486,
                    0.46103885769844055,
                    4.907485008239746
                ],
                [
                    0.0,
                    0.0,
                    0.0,
                    1.0
                ]
            ]
        },
        {
            "file_path": "./images/image9",
            "rotation": 0.20943951023931956,
            "transform_matrix": [
                [
                    0.981594443321228,
                    -0.05794423073530197,
                    0.1819748729467392,
                    1.9370144605636597
                ],
                [
                    0.19097746908664703,
                    0.29782435297966003,
                    -0.9353225827217102,
                    -9.955953598022461
                ],
                [
                    0.0,
                    0.9528605341911316,
                    0.30340874195098877,
                    3.2296059131622314
                ],
                [
                    0.0,
                    0.0,
                    0.0,
                    1.0
                ]
            ]
        },
        {
            "file_path": "./images/image10",
            "rotation": 0.20943951023931956,
            "transform_matrix": [
                [
                    0.976331353187561,
                    -0.028661085292696953,
                    0.214372918009758,
                    2.281872510910034
                ],
                [
                    0.21628040075302124,
                    0.12938165664672852,
                    -0.967720627784729,
                    -10.300811767578125
                ],
                [
                    1.862645371275562e-09,
                    0.9911805391311646,
                    0.13251818716526031,
                    1.410577416419983
                ],
                [
                    0.0,
                    0.0,
                    0.0,
                    1.0
                ]
            ]
        },
        {
            "file_path": "./images/image11",
            "rotation": 0.20943951023931956,
            "transform_matrix": [
                [
                    0.9752386212348938,
                    0.009767106734216213,
                    0.22093939781188965,
                    2.351768732070923
                ],
                [
                    0.22115519642829895,
                    -0.0430704802274704,
                    -0.9742870330810547,
                    -10.370707511901855
                ],
                [
                    9.31322685637781e-10,
                    0.9990242123603821,
                    -0.04416404291987419,
                    -0.4701000452041626
                ],
                [
                    0.0,
                    0.0,
                    0.0,
                    1.0
                ]
            ]
        },
        {
            "file_path": "./images/image12",
            "rotation": 0.20943951023931956,
            "transform_matrix": [
                [
                    0.9784690141677856,
                    0.04518289119005203,
                    0.20138730108737946,
                    2.143648386001587
                ],
                [
                    0.20639364421367645,
                    -0.2142026126384735,
                    -0.9547349810600281,
                    -10.16258716583252
                ],
                [
                    -3.725290298461914e-09,
                    0.9757436513900757,
                    -0.21891608834266663,
                    -2.3302319049835205
                ],
                [
                    0.0,
                    0.0,
                    0.0,
                    1.0
                ]
            ]
        },
        {
            "file_path": "./images/image13",
            "rotation": 0.20943951023931956,
            "transform_matrix": [
                [
                    0.9855165481567383,
                    0.06513551622629166,
                    0.156571164727211,
                    1.666607141494751
                ],
                [
                    0.1695793867111206,
                    -0.3785373270511627,
                    -0.9099188446998596,
                    -9.685545921325684
                ],
                [
                    -3.725290742551124e-09,
                    0.9232912063598633,
                    -0.38410046696662903,
                    -4.088521480560303
                ],
                [
                    0.0,
                    0.0,
                    0.0,
                    1.0
                ]
            ]
        },
        {
            "file_path": "./images/image14",
            "rotation": 0.20943951023931956,
            "transform_matrix": [
                [
                    0.9945251941680908,
                    0.05564448609948158,
                    0.08844965696334839,
                    0.9414941072463989
                ],
                [
                    0.10449712723493576,
                    -0.5295824408531189,
                    -0.8417973518371582,
                    -8.960433006286621
                ],
                [
                    7.450580596923828e-09,
                    0.8464313745498657,
                    -0.532497763633728,
                    -5.6681227684021
                ],
                [
                    0.0,
                    0.0,
                    0.0,
                    1.0
                ]
            ]
        },
        {
            "file_path": "./images/image15",
            "rotation": 0.20943951023931956,
            "transform_matrix": [
                [
                    1.0,
                    2.145642064022013e-08,
                    2.457967696045671e-08,
                    2.616360745832935e-07
                ],
                [
                    3.262726622210721e-08,
                    -0.6576223969459534,
                    -0.7533476948738098,
                    -8.018939018249512
                ],
                [
                    0.0,
                    0.7533477544784546,
                    -0.6576223969459534,
                    -7.0
                ],
                [
                    0.0,
                    0.0,
                    0.0,
                    1.0
                ]
            ]
        },
        {
            "file_path": "./images/image16",
            "rotation": 0.20943951023931956,
            "transform_matrix": [
                [
                    0.9871630668640137,
                    -0.12042652815580368,
                    -0.10491206496953964,
                    -1.1167266368865967
                ],
                [
                    -0.1597156524658203,
                    -0.744326651096344,
                    -0.6484355926513672,
                    -6.902212142944336
                ],
                [
                    7.450581485102248e-09,
                    0.6568677425384521,
                    -0.7540057301521301,
                    -8.025943756103516
                ],
                [
                    0.0,
                    0.0,
                    0.0,
                    1.0
                ]
            ]
        },
        {
            "file_path": "./images/image17",
            "rotation": 0.20943951023931956,
            "transform_matrix": [
                [
                    0.9229646325111389,
                    -0.3146184980869293,
                    -0.22170142829418182,
                    -2.359880208969116
                ],
                [
                    -0.3848848342895508,
                    -0.7544640302658081,
                    -0.5316462516784668,
                    -5.659058570861816
                ],
                [
                    -1.4901161193847656e-08,
                    0.5760201215744019,
                    -0.8174355030059814,
                    -8.701115608215332
                ],
                [
                    0.0,
                    0.0,
                    0.0,
                    1.0
                ]
            ]
        },
        {
            "file_path": "./images/image18",
            "rotation": 0.20943951023931956,
            "transform_matrix": [
                [
                    0.7634212374687195,
                    -0.5458762645721436,
                    -0.34526383876800537,
                    -3.675128936767578
                ],
                [
                    -0.645901083946228,
                    -0.6451972126960754,
                    -0.40808379650115967,
                    -4.343810081481934
                ],
                [
                    -1.4901164746561335e-08,
                    0.5345460772514343,
                    -0.8451392650604248,
                    -8.996006965637207
                ],
                [
                    0.0,
                    0.0,
                    0.0,
                    1.0
                ]
            ]
        },
        {
            "file_path": "./images/image19",
            "rotation": 0.20943951023931956,
            "transform_matrix": [
                [
                    0.5158738493919373,
                    -0.716091513633728,
                    -0.4701990783214569,
                    -5.004990100860596
                ],
                [
                    -0.8566645383834839,
                    -0.4312223196029663,
                    -0.2831486463546753,
                    -3.013949155807495
                ],
                [
                    0.0,
                    0.5488718152046204,
                    -0.8359065055847168,
                    -8.89772891998291
                ],
                [
                    0.0,
                    0.0,
                    0.0,
                    1.0
                ]
            ]
        },
        {
            "file_path": "./images/image20",
            "rotation": 0.20943951023931956,
            "transform_matrix": [
                [
                    0.2647970914840698,
                    -0.7619359493255615,
                    -0.5910468101501465,
                    -6.291342258453369
                ],
                [
                    -0.9643041491508484,
                    -0.20922695100307465,
                    -0.1623009443283081,
                    -1.7275972366333008
                ],
                [
                    7.4505797087454084e-09,
                    0.6129257082939148,
                    -0.7901405692100525,
                    -8.410577774047852
                ],
                [
                    0.0,
                    0.0,
                    0.0,
                    1.0
                ]
            ]
        },
        {
            "file_path": "./images/image21",
            "rotation": 0.20943951023931956,
            "transform_matrix": [
                [
                    0.07215385884046555,
                    -0.7079914808273315,
                    -0.7025253176689148,
                    -7.477965354919434
                ],
                [
                    -0.9973935484886169,
                    -0.05121781677007675,
                    -0.05082238093018532,
                    -0.5409740805625916
                ],
                [
                    0.0,
                    0.7043612003326416,
                    -0.7098417282104492,
                    -7.555843830108643
                ],
                [
                    0.0,
                    0.0,
                    0.0,
                    1.0
                ]
            ]
        },
        {
            "file_path": "./images/image22",
            "rotation": 0.20943951023931956,
            "transform_matrix": [
                [
                    -0.05793836712837219,
                    -0.5975139737129211,
                    -0.7997625470161438,
                    -8.512998580932617
                ],
                [
                    -0.9983202219009399,
                    0.034677233546972275,
                    0.04641490429639816,
                    0.49405914545059204
                ],
                [
                    0.0,
                    0.8011083602905273,
                    -0.5985193252563477,
                    -6.370883464813232
                ],
                [
                    0.0,
                    0.0,
                    0.0,
                    1.0
                ]
            ]
        },
        {
            "file_path": "./images/image23",
            "rotation": 0.20943951023931956,
            "transform_matrix": [
                [
                    -0.14104577898979187,
                    -0.4564298689365387,
                    -0.8785088658332825,
                    -9.351205825805664
                ],
                [
                    -0.9900031089782715,
                    0.06502757221460342,
                    0.12516118586063385,
                    1.3322665691375732
                ],
                [
                    -7.450581485102248e-09,
                    0.8873798847198486,
                    -0.46103885769844055,
                    -4.907485008239746
                ],
                [
                    0.0,
                    0.0,
                    0.0,
                    1.0
                ]
            ]
        },
        {
            "file_path": "./images/image24",
            "rotation": 0.20943951023931956,
            "transform_matrix": [
                [
                    -0.19097746908664703,
                    -0.29782435297966003,
                    -0.9353225827217102,
                    -9.955953598022461
                ],
                [
                    -0.981594443321228,
                    0.05794423073530197,
                    0.1819748729467392,
                    1.9370144605636597
                ],
                [
                    0.0,
                    0.9528605341911316,
                    -0.30340874195098877,
                    -3.2296059131622314
                ],
                [
                    0.0,
                    0.0,
                    0.0,
                    1.0
                ]
            ]
        },
        {
            "file_path": "./images/image25",
            "rotation": 0.20943951023931956,
            "transform_matrix": [
                [
                    -0.21628040075302124,
                    -0.12938165664672852,
                    -0.967720627784729,
                    -10.300811767578125
                ],
                [
                    -0.976331353187561,
                    0.028661085292696953,
                    0.214372918009758,
                    2.281872510910034
                ],
                [
                    1.862645371275562e-09,
                    0.9911805391311646,
                    -0.13251818716526031,
                    -1.410577416419983
                ],
                [
                    0.0,
                    0.0,
                    0.0,
                    1.0
                ]
            ]
        },
        {
            "file_path": "./images/image26",
            "rotation": 0.20943951023931956,
            "transform_matrix": [
                [
                    -0.22115519642829895,
                    0.0430704802274704,
                    -0.9742870330810547,
                    -10.370707511901855
                ],
                [
                    -0.9752386212348938,
                    -0.009767106734216213,
                    0.22093939781188965,
                    2.351768732070923
                ],
                [
                    9.31322685637781e-10,
                    0.9990242123603821,
                    0.04416404291987419,
                    0.4701000452041626
                ],
                [
                    0.0,
                    0.0,
                    0.0,
                    1.0
                ]
            ]
        },
        {
            "file_path": "./images/image27",
            "rotation": 0.20943951023931956,
            "transform_matrix": [
                [
                    -0.20639364421367645,
                    0.2142026126384735,
                    -0.9547349810600281,
                    -10.16258716583252
                ],
                [
                    -0.9784690141677856,
                    -0.04518289119005203,
                    0.20138730108737946,
                    2.143648386001587
                ],
                [
                    -3.725290298461914e-09,
                    0.9757436513900757,
                    0.21891608834266663,
                    2.3302319049835205
                ],
                [
                    0.0,
                    0.0,
                    0.0,
                    1.0
                ]
            ]
        },
        {
            "file_path": "./images/image28",
            "rotation": 0.20943951023931956,
            "transform_matrix": [
                [
                    -0.1695793867111206,
                    0.3785373270511627,
                    -0.9099188446998596,
                    -9.685545921325684
                ],
                [
                    -0.9855165481567383,
                    -0.06513551622629166,
                    0.156571164727211,
                    1.666607141494751
                ],
                [
                    -3.725290742551124e-09,
                    0.9232912063598633,
                    0.38410046696662903,
                    4.088521480560303
                ],
                [
                    0.0,
                    0.0,
                    0.0,
                    1.0
                ]
            ]
        },
        {
            "file_path": "./images/image29",
            "rotation": 0.20943951023931956,
            "transform_matrix": [
                [
                    -0.10449712723493576,
                    0.5295824408531189,
                    -0.8417973518371582,
                    -8.960433006286621
                ],
                [
                    -0.9945251941680908,
                    -0.05564448609948158,
                    0.08844965696334839,
                    0.9414941072463989
                ],
                [
                    7.450580596923828e-09,
                    0.8464313745498657,
                    0.532497763633728,
                    5.6681227684021
                ],
                [
                    0.0,
                    0.0,
                    0.0,
                    1.0
                ]
            ]
        },
        {
            "file_path": "./images/image30",
            "rotation": 0.20943951023931956,
            "transform_matrix": [
                [
                    -3.262726622210721e-08,
                    0.6576223969459534,
                    -0.7533476948738098,
                    -8.018939018249512
                ],
                [
                    -1.0,
                    -2.145642064022013e-08,
                    2.457967696045671e-08,
                    2.616360745832935e-07
                ],
                [
                    0.0,
                    0.7533477544784546,
                    0.6576223969459534,
                    7.0
                ],
                [
                    0.0,
                    0.0,
                    0.0,
                    1.0
                ]
            ]
        },
        {
            "file_path": "./images/image31",
            "rotation": 0.20943951023931956,
            "transform_matrix": [
                [
                    0.8837482333183289,
                    0.46155455708503723,
                    -0.07717854529619217,
                    -0.8215197920799255
                ],
                [
                    -0.4679628014564514,
                    0.8716462850570679,
                    -0.14575177431106567,
                    -1.5514411926269531
                ],
                [
                    0.0,
                    0.1649245172739029,
                    0.9863061904907227,
                    10.49864387512207
                ],
                [
                    0.0,
                    0.0,
                    0.0,
                    1.0
                ]
            ]
        },
        {
            "file_path": "./images/image32",
            "rotation": 0.20943951023931956,
            "transform_matrix": [
                [
                    0.9742803573608398,
                    -0.21512532234191895,
                    0.06707477569580078,
                    0.7139711380004883
                ],
                [
                    0.2253395915031433,
                    0.9301178455352783,
                    -0.2900051176548004,
                    -3.0869321823120117
                ],
                [
                    0.0,
                    0.2976609170436859,
                    0.9546716809272766,
                    10.16191291809082
                ],
                [
                    0.0,
                    0.0,
                    0.0,
                    1.0
                ]
            ]
        },
        {
            "file_path": "./images/image33",
            "rotation": 0.20943951023931956,
            "transform_matrix": [
                [
                    0.9024897217750549,
                    -0.37959185242652893,
                    0.20352503657341003,
                    2.16640305519104
                ],
                [
                    0.4307115375995636,
                    0.7953763008117676,
                    -0.42645540833473206,
                    -4.539364337921143
                ],
                [
                    1.4901161193847656e-08,
                    0.47253215312957764,
                    0.8813134431838989,
                    9.381057739257812
                ],
                [
                    0.0,
                    0.0,
                    0.0,
                    1.0
                ]
            ]
        },
        {
            "file_path": "./images/image34",
            "rotation": 0.20943951023931956,
            "transform_matrix": [
                [
                    0.8597465753555298,
                    -0.3929678797721863,
                    0.3262087106704712,
                    3.4722979068756104
                ],
                [
                    0.5107209086418152,
                    0.661521315574646,
                    -0.5491390824317932,
                    -5.845259189605713
                ],
                [
                    1.4901161193847656e-08,
                    0.6387220025062561,
                    0.7694375514984131,
                    8.190205574035645
                ],
                [
                    0.0,
                    0.0,
                    0.0,
                    1.0
                ]
            ]
        },
        {
            "file_path": "./images/image35",
            "rotation": 0.20943951023931956,
            "transform_matrix": [
                [
                    0.8352056741714478,
                    -0.3431246280670166,
                    0.42976394295692444,
                    4.574581623077393
                ],
                [
                    0.5499377846717834,
                    0.5211127996444702,
                    -0.6526943445205688,
                    -6.947543144226074
                ],
                [
                    0.0,
                    0.7814773917198181,
                    0.6239336133003235,
                    6.641402244567871
                ],
                [
                    0.0,
                    0.0,
                    0.0,
                    1.0
                ]
            ]
        },
        {
            "file_path": "./images/image36",
            "rotation": 0.20943951023931956,
            "transform_matrix": [
                [
                    0.8208876848220825,
                    -0.25765323638916016,
                    0.5096648335456848,
                    5.425079345703125
                ],
                [
                    0.5710896849632263,
                    0.37035226821899414,
                    -0.7325952053070068,
                    -7.798040866851807
                ],
                [
                    0.0,
                    0.8924427628517151,
                    0.4511606991291046,
                    4.802337646484375
                ],
                [
                    0.0,
                    0.0,
                    0.0,
                    1.0
                ]
            ]
        },
        {
            "file_path": "./images/image37",
            "rotation": 0.20943951023931956,
            "transform_matrix": [
                [
                    0.8130203485488892,
                    -0.15060679614543915,
                    0.5624193549156189,
                    5.9866204261779785
                ],
                [
                    0.5822353959083557,
                    0.21030393242835999,
                    -0.7853497266769409,
                    -8.35958194732666
                ],
                [
                    0.0,
                    0.965965747833252,
                    0.2586699426174164,
                    2.753387928009033
                ],
                [
                    0.0,
                    0.0,
                    0.0,
                    1.0
                ]
            ]
        },
        {
            "file_path": "./images/image38",
            "rotation": 0.20943951023931956,
            "transform_matrix": [
                [
                    0.809872567653656,
                    -0.03218945115804672,
                    0.5857219696044922,
                    6.2346625328063965
                ],
                [
                    0.5866058468818665,
                    0.04444100335240364,
                    -0.8086523413658142,
                    -8.607624053955078
                ],
                [
                    1.8626449271863521e-09,
                    0.9984933733940125,
                    0.05487406626343727,
                    0.5841018557548523
                ],
                [
                    0.0,
                    0.0,
                    0.0,
                    1.0
                ]
            ]
        },
        {
            "file_path": "./images/image39",
            "rotation": 0.20943951023931956,
            "transform_matrix": [
                [
                    0.8108212351799011,
                    0.08856671303510666,
                    0.578554093837738,
                    6.158364772796631
                ],
                [
                    0.5852938294410706,
                    -0.12269353866577148,
                    -0.8014845252037048,
                    -8.531326293945312
                ],
                [
                    0.0,
                    0.9884848594665527,
                    -0.15132007002830505,
                    -1.6107122898101807
                ],
                [
                    0.0,
                    0.0,
                    0.0,
                    1.0
                ]
            ]
        },
        {
            "file_path": "./images/image40",
            "rotation": 0.20943951023931956,
            "transform_matrix": [
                [
                    0.8160499930381775,
                    0.20281411707401276,
                    0.5412291288375854,
                    5.761062145233154
                ],
                [
                    0.5779814720153809,
                    -0.2863525450229645,
                    -0.7641595005989075,
                    -8.134023666381836
                ],
                [
                    1.4901162970204496e-08,
                    0.9364125728607178,
                    -0.350900799036026,
                    -3.735130548477173
                ],
                [
                    0.0,
                    0.0,
                    0.0,
                    1.0
                ]
            ]
        },
        {
            "file_path": "./images/image41",
            "rotation": 0.20943951023931956,
            "transform_matrix": [
                [
                    0.8266355395317078,
                    0.3011464774608612,
                    0.4753781855106354,
                    5.060118675231934
                ],
                [
                    0.5627376437187195,
                    -0.4423702657222748,
                    -0.6983085870742798,
                    -7.433080196380615
                ],
                [
                    0.0,
                    0.8447599411010742,
                    -0.5351454615592957,
                    -5.696305751800537
                ],
                [
                    0.0,
                    0.0,
                    0.0,
                    1.0
                ]
            ]
        },
        {
            "file_path": "./images/image42",
            "rotation": 0.20943951023931956,
            "transform_matrix": [
                [
                    0.8450918793678284,
                    0.3720972239971161,
                    0.3838794529438019,
                    4.0861687660217285
                ],
                [
                    0.5346211791038513,
                    -0.5881853699684143,
                    -0.6068098545074463,
                    -6.45913028717041
                ],
                [
                    1.4901161193847656e-08,
                    0.7180401086807251,
                    -0.6960017681121826,
                    -7.408524990081787
                ],
                [
                    0.0,
                    0.0,
                    0.0,
                    1.0
                ]
            ]
        },
        {
            "file_path": "./images/image43",
            "rotation": 0.20943951023931956,
            "transform_matrix": [
                [
                    0.8768020272254944,
                    0.3973946273326874,
                    0.27073177695274353,
                    2.8817787170410156
                ],
                [
                    0.48085153102874756,
                    -0.7246237397193909,
                    -0.49366214871406555,
                    -5.254740238189697
                ],
                [
                    -1.4901161193847656e-08,
                    0.5630256533622742,
                    -0.826439380645752,
                    -8.796956062316895
                ],
                [
                    0.0,
                    0.0,
                    0.0,
                    1.0
                ]
            ]
        },
        {
            "file_path": "./images/image44",
            "rotation": 0.20943951023931956,
            "transform_matrix": [
                [
                    0.9325247406959534,
                    0.33249130845069885,
                    0.14088022708892822,
                    1.4995862245559692
                ],
                [
                    0.3611062467098236,
                    -0.8586291670799255,
                    -0.36381062865257263,
                    -3.8725478649139404
                ],
                [
                    0.0,
                    0.3901350796222687,
                    -0.9207575917243958,
                    -9.800917625427246
                ],
                [
                    0.0,
                    0.0,
                    0.0,
                    1.0
                ]
            ]
        },
        {
            "file_path": "./images/image45",
            "rotation": 0.20943951023931956,
            "transform_matrix": [
                [
                    1.0,
                    -8.287081953994857e-08,
                    -1.8951345381879037e-08,
                    -2.0172581116639776e-07
                ],
                [
                    -8.501015713591187e-08,
                    -0.9748343825340271,
                    -0.22293038666248322,
                    -2.3729615211486816
                ],
                [
                    0.0,
                    0.22293029725551605,
                    -0.9748343825340271,
                    -10.376532554626465
                ],
                [
                    0.0,
                    0.0,
                    0.0,
                    1.0
                ]
            ]
        },
        {
            "file_path": "./images/image46",
            "rotation": 0.20943951023931956,
            "transform_matrix": [
                [
                    0.4679628610610962,
                    -0.8716462254524231,
