{
    "camera_angle_x": 0.6911112070083618,
    "w": 256,
    "h": 256,
    "focus": 50,
    "aabb_scale": 16,
    "frames": [
        {
            "file_path": "./images/image1",
            "rotation": 0.6283185307179586,
            "transform_matrix": [
                [
                    0.6459010243415833,
                    0.6451972126960754,
                    -0.40808382630348206,
                    -4.343810081481934
                ],
                [
                    -0.7634211182594299,
                    0.5458763241767883,
                    -0.34526389837265015,
                    -3.6751291751861572
                ],
                [
                    0.0,
                    0.5345461964607239,
                    0.8451392650604248,
                    8.99600601196289
                ],
                [
                    0.0,
                    0.0,
                    0.0,
                    1.0
                ]
            ]
        },
        {
            "file_path": "./images/image2",
            "rotation": 0.6283185307179586,
            "transform_matrix": [
                [
                    0.9973935484886169,
                    0.05121784284710884,
                    -0.05082240700721741,
                    -0.5409743189811707
                ],
                [
                    -0.07215389609336853,
                    0.7079915404319763,
                    -0.7025253772735596,
                    -7.477964878082275
                ],
                [
                    0.0,
                    0.7043612003326416,
                    0.7098417282104492,
                    7.555843353271484
                ],
                [
                    0.0,
                    0.0,
                    0.0,
                    1.0
                ]
            ]
        },
        {
            "file_path": "./images/image3",
            "rotation": 0.6283185307179586,
            "transform_matrix": [
                [
                    0.9815945029258728,
                    -0.057944200932979584,
                    0.18197482824325562,
                    1.937014102935791
                ],
                [
                    0.19097742438316345,
                    0.29782426357269287,
                    -0.9353225827217102,
                    -9.955953598022461
                ],
                [
                    0.0,
                    0.9528604745864868,
                    0.303408682346344,
                    3.2296054363250732
                ],
                [
                    0.0,
                    0.0,
                    0.0,
                    1.0
                ]
            ]
        },
        {
            "file_path": "./images/image4",
            "rotation": 0.6283185307179586,
            "transform_matrix": [
                [
                    0.9784691333770752,
                    0.045182883739471436,
                    0.20138724148273468,
                    2.1436476707458496
                ],
                [
                    0.20639361441135406,
                    -0.2142026424407959,
                    -0.9547349810600281,
                    -10.16258716583252
                ],
                [
                    0.0,
                    0.9757436513900757,
                    -0.218916118144989,
                    -2.3302321434020996
                ],
                [
                    0.0,
                    0.0,
                    0.0,
                    1.0
                ]
            ]
        },
        {
            "file_path": "./images/image5",
            "rotation": 0.6283185307179586,
            "transform_matrix": [
                [
                    1.0,
                    -3.590631436622971e-08,
                    -4.113293528007489e-08,
                    -4.3783569481092854e-07
                ],
                [
                    -5.460019991687659e-08,
                    -0.6576223969459534,
                    -0.7533476948738098,
                    -8.018939018249512
                ],
                [
                    0.0,
                    0.7533477544784546,
                    -0.6576223969459534,
                    -7.0
                ],
                [
                    0.0,
                    0.0,
                    0.0,
                    1.0
                ]
            ]
        },
        {
            "file_path": "./images/image6",
            "rotation": 0.6283185307179586,
            "transform_matrix": [
                [
                    0.7634211182594299,
                    -0.5458763241767883,
                    -0.34526389837265015,
                    -3.6751294136047363
                ],
                [
                    -0.6459010243415833,
                    -0.6451972126960754,
                    -0.40808382630348206,
                    -4.343810081481934
                ],
                [
                    0.0,
                    0.5345461964607239,
                    -0.8451392650604248,
                    -8.99600601196289
                ],
                [
                    0.0,
                    0.0,
                    0.0,
                    1.0
                ]
            ]
        },
        {
            "file_path": "./images/image7",
            "rotation": 0.6283185307179586,
            "transform_matrix": [
                [
                    0.07215389609336853,
                    -0.7079914808273315,
                    -0.7025253176689148,
                    -7.477965354919434
                ],
                [
                    -0.9973935484886169,
                    -0.05121784284710884,
                    -0.05082240328192711,
                    -0.5409743189811707
                ],
                [
                    0.0,
                    0.7043612003326416,
                    -0.7098416686058044,
                    -7.555843353271484
                ],
                [
                    0.0,
                    0.0,
                    0.0,
                    1.0
                ]
            ]
        },
        {
            "file_path": "./images/image8",
            "rotation": 0.6283185307179586,
            "transform_matrix": [
                [
                    -0.19097742438316345,
                    -0.29782426357269287,
                    -0.9353225827217102,
                    -9.955953598022461
                ],
                [
                    -0.9815945029258728,
                    0.057944200932979584,
                    0.18197482824325562,
                    1.9370139837265015
                ],
                [
                    0.0,
                    0.9528604745864868,
                    -0.303408682346344,
                    -3.2296054363250732
                ],
                [
                    0.0,
                    0.0,
                    0.0,
                    1.0
                ]
            ]
        },
        {
            "file_path": "./images/image9",
            "rotation": 0.6283185307179586,
            "transform_matrix": [
                [
                    -0.20639359951019287,
                    0.2142026275396347,
                    -0.9547350406646729,
                    -10.16258716583252
                ],
                [
                    -0.9784690737724304,
                    -0.04518288001418114,
                    0.20138725638389587,
                    2.1436476707458496
                ],
                [
                    3.725290298461914e-09,
                    0.9757436513900757,
                    0.218916118144989,
                    2.3302319049835205
                ],
                [
                    0.0,
                    0.0,
                    0.0,
                    1.0
                ]
            ]
        },
        {
            "file_path": "./images/image10",
            "rotation": 0.6283185307179586,
            "transform_matrix": [
                [
                    4.2242810138759523e-08,
                    0.6576223969459534,
                    -0.7533476948738098,
                    -8.018939018249512
                ],
                [
                    -1.0,
                    2.777981578105937e-08,
                    -3.182352159569746e-08,
                    -3.387424953871232e-07
                ],
                [
                    0.0,
                    0.7533477544784546,
                    0.6576223969459534,
                    7.0
                ],
                [
                    0.0,
                    0.0,
                    0.0,
                    1.0
                ]
            ]
        },
        {
            "file_path": "./images/image11",
            "rotation": 0.6283185307179586,
            "transform_matrix": [
                [
                    0.9024897813796997,
                    -0.37959179282188416,
                    0.20352500677108765,
                    2.16640305519104
                ],
                [
                    0.4307115077972412,
                    0.7953763008117676,
                    -0.42645537853240967,
                    -4.539364814758301
                ],
                [
                    -1.4901162970204496e-08,
                    0.47253215312957764,
                    0.8813133835792542,
                    9.381058692932129
                ],
                [
                    0.0,
                    0.0,
                    0.0,
                    1.0
                ]
            ]
        },
        {
            "file_path": "./images/image12",
            "rotation": 0.6283185307179586,
            "transform_matrix": [
                [
                    0.8208876848220825,
                    -0.25765323638916016,
                    0.5096648335456848,
                    5.425079822540283
                ],
                [
                    0.5710896849632263,
                    0.37035226821899414,
                    -0.7325952053070068,
                    -7.798041820526123
                ],
                [
                    0.0,
                    0.8924427628517151,
                    0.4511606693267822,
                    4.802338123321533
                ],
                [
                    0.0,
                    0.0,
                    0.0,
                    1.0
                ]
            ]
        },
        {
            "file_path": "./images/image13",
            "rotation": 0.6283185307179586,
            "transform_matrix": [
                [
                    0.8108212947845459,
                    0.08856671303510666,
                    0.578554093837738,
                    6.158365249633789
                ],
                [
                    0.5852938890457153,
                    -0.12269353121519089,
                    -0.8014844655990601,
                    -8.531327247619629
                ],
                [
                    0.0,
                    0.9884848594665527,
                    -0.15132007002830505,
                    -1.6107124090194702
                ],
                [
                    0.0,
                    0.0,
                    0.0,
                    1.0
                ]
            ]
        },
        {
            "file_path": "./images/image14",
            "rotation": 0.6283185307179586,
            "transform_matrix": [
                [
                    0.8450919389724731,
                    0.3720972239971161,
                    0.3838794231414795,
                    4.0861687660217285
                ],
                [
                    0.5346211791038513,
                    -0.5881853699684143,
                    -0.6068098545074463,
                    -6.459130764007568
                ],
                [
                    0.0,
                    0.7180401086807251,
                    -0.6960017085075378,
                    -7.408525466918945
                ],
                [
                    0.0,
                    0.0,
                    0.0,
                    1.0
                ]
            ]
        },
        {
            "file_path": "./images/image15",
            "rotation": 0.6283185307179586,
            "transform_matrix": [
                [
                    1.0,
                    -2.0005207090889598e-07,
                    -4.5748986821081417e-08,
                    -4.869708050136978e-07
                ],
                [
                    -2.052164944643664e-07,
                    -0.9748343229293823,
                    -0.22293037176132202,
                    -2.3729615211486816
                ],
                [
                    0.0,
                    0.22293029725551605,
                    -0.9748343825340271,
                    -10.376533508300781
                ],
                [
                    0.0,
                    0.0,
                    0.0,
                    1.0
                ]
            ]
        },
        {
            "file_path": "./images/image16",
            "rotation": 0.6283185307179586,
            "transform_matrix": [
                [
                    -0.4307115077972412,
                    -0.7953763008117676,
                    -0.42645537853240967,
                    -4.539364814758301
                ],
                [
                    -0.9024897813796997,
                    0.37959179282188416,
                    0.20352500677108765,
                    2.16640305519104
                ],
                [
                    -1.4901162970204496e-08,
                    0.47253215312957764,
                    -0.8813133835792542,
                    -9.381058692932129
                ],
                [
                    0.0,
                    0.0,
                    0.0,
                    1.0
                ]
            ]
        },
        {
            "file_path": "./images/image17",
            "rotation": 0.6283185307179586,
            "transform_matrix": [
                [
                    -0.5710896849632263,
                    -0.37035226821899414,
                    -0.7325952053070068,
                    -7.798041820526123
                ],
                [
                    -0.8208876848220825,
                    0.25765323638916016,
                    0.5096648335456848,
                    5.425079822540283
                ],
                [
                    0.0,
                    0.8924427628517151,
                    -0.4511606693267822,
                    -4.802338123321533
                ],
                [
                    0.0,
                    0.0,
                    0.0,
                    1.0
                ]
            ]
        },
        {
            "file_path": "./images/image18",
            "rotation": 0.6283185307179586,
            "transform_matrix": [
                [
                    -0.5852938890457153,
                    0.12269353121519089,
                    -0.8014844655990601,
                    -8.531327247619629
                ],
                [
                    -0.8108212947845459,
                    -0.08856671303510666,
                    0.578554093837738,
                    6.158365249633789
                ],
                [
                    0.0,
                    0.9884848594665527,
                    0.15132007002830505,
                    1.6107124090194702
                ],
                [
                    0.0,
                    0.0,
                    0.0,
                    1.0
                ]
            ]
        },
        {
            "file_path": "./images/image19",
            "rotation": 0.6283185307179586,
            "transform_matrix": [
                [
                    -0.5346211791038513,
                    0.5881853699684143,
                    -0.6068098545074463,
                    -6.459130764007568
                ],
                [
                    -0.8450919389724731,
                    -0.3720972239971161,
                    0.3838794231414795,
                    4.0861687660217285
                ],
                [
                    0.0,
                    0.7180401086807251,
                    0.6960017085075378,
                    7.408525466918945
                ],
                [
                    0.0,
                    0.0,
                    0.0,
                    1.0
                ]
            ]
        },
        {
            "file_path": "./images/image20",
            "rotation": 0.6283185307179586,
            "transform_matrix": [
                [
                    2.052164944643664e-07,
                    0.9748343229293823,
                    -0.22293037176132202,
                    -2.3729615211486816
                ],
                [
                    -1.0,
                    2.0005207090889598e-07,
                    -4.5748986821081417e-08,
                    -4.869708050136978e-07
                ],
                [
                    0.0,
                    0.22293029725551605,
                    0.9748343825340271,
                    10.376533508300781
                ],
                [
                    0.0,
                    0.0,
                    0.0,
                    1.0
                ]
            ]
        },
        {
            "file_path": "./images/image21",
            "rotation": 0.6283185307179586,
            "transform_matrix": [
                [
                    0.4235292077064514,
                    -0.5261871218681335,
                    0.7373941540718079,
                    7.849123954772949
                ],
                [
                    0.9058824777603149,
                    0.24600940942764282,
                    -0.34475547075271606,
                    -3.66971755027771
                ],
                [
                    -1.4901162970204496e-08,
                    0.8140064477920532,
                    0.5808557868003845,
                    6.182865619659424
                ],
                [
                    0.0,
                    0.0,
                    0.0,
                    1.0
                ]
            ]
        },
        {
            "file_path": "./images/image22",
            "rotation": 0.6283185307179586,
            "transform_matrix": [
                [
                    0.4829367995262146,
                    -0.017645912244915962,
                    0.8754774332046509,
                    9.318938255310059
                ],
                [
                    0.8756552934646606,
                    0.009731980040669441,
                    -0.4828386902809143,
                    -5.13953161239624
                ],
                [
                    0.0,
                    0.999796986579895,
                    0.020151665434241295,
                    0.21450254321098328
                ],
                [
                    0.0,
                    0.0,
                    0.0,
                    1.0
                ]
            ]
        },
        {
            "file_path": "./images/image23",
            "rotation": 0.6283185307179586,
            "transform_matrix": [
                [
                    0.43226146697998047,
                    0.4943832457065582,
                    0.7541453242301941,
                    8.027430534362793
                ],
                [
                    0.9017482995986938,
                    -0.23698723316192627,
                    -0.3615065813064575,
                    -3.8480236530303955
                ],
                [
                    1.4901161193847656e-08,
                    0.8363147377967834,
                    -0.5482496619224548,
                    -5.835793495178223
                ],
                [
                    0.0,
                    0.0,
                    0.0,
                    1.0
                ]
            ]
        },
        {
            "file_path": "./images/image24",
            "rotation": 0.6283185307179586,
            "transform_matrix": [
                [
                    0.06443861126899719,
                    0.9053528308868408,
                    0.41974273324012756,
                    4.467912673950195
                ],
                [
                    0.9979217052459717,
                    -0.058461181819438934,
                    -0.02710396982729435,
                    -0.2885057032108307
                ],
                [
                    0.0,
                    0.42061686515808105,
                    -0.9072383642196655,
                    -9.657014846801758
                ],
                [
                    0.0,
                    0.0,
                    0.0,
                    1.0
                ]
            ]
        },
        {
            "file_path": "./images/image25",
            "rotation": 0.6283185307179586,
            "transform_matrix": [
                [
                    -1.0,
                    -8.22422379087584e-08,
                    -3.511117085963633e-08,
                    -3.737376346180099e-07
                ],
                [
                    -8.942359386310272e-08,
                    0.9196928143501282,
                    0.3926387429237366,
                    4.179407119750977
                ],
                [
                    3.552713678800501e-15,
                    0.39263880252838135,
                    -0.9196927547454834,
                    -9.78958511352539
                ],
                [
                    0.0,
                    0.0,
                    0.0,
                    1.0
                ]
            ]
        },
        {
            "file_path": "./images/image26",
            "rotation": 0.6283185307179586,
            "transform_matrix": [
                [
                    -0.9058824777603149,
                    -0.24600937962532043,
                    -0.3447554409503937,
                    -3.669717788696289
                ],
                [
                    -0.42352914810180664,
                    0.5261871218681335,
                    0.7373941540718079,
                    7.849124431610107
                ],
                [
                    0.0,
                    0.8140064477920532,
                    -0.5808558464050293,
                    -6.18286657333374
                ],
                [
                    0.0,
                    0.0,
                    0.0,
                    1.0
                ]
            ]
        },
        {
            "file_path": "./images/image27",
            "rotation": 0.6283185307179586,
            "transform_matrix": [
                [
                    -0.8756552934646606,
                    -0.009732001461088657,
                    -0.4828386902809143,
                    -5.139532089233398
                ],
                [
                    -0.4829367995262146,
                    0.017645951360464096,
                    0.8754774332046509,
                    9.318939208984375
                ],
                [
                    0.0,
                    0.999796986579895,
                    -0.020151710137724876,
                    -0.21450302004814148
                ],
                [
                    0.0,
                    0.0,
                    0.0,
                    1.0
                ]
            ]
        },
        {
            "file_path": "./images/image28",
            "rotation": 0.6283185307179586,
            "transform_matrix": [
                [
                    -0.9017482995986938,
                    0.23698720335960388,
                    -0.3615066409111023,
                    -3.8480241298675537
                ],
                [
                    -0.43226146697998047,
                    -0.49438321590423584,
                    0.7541453838348389,
                    8.02743148803711
                ],
                [
                    -1.4901161193847656e-08,
                    0.8363146781921387,
                    0.5482496619224548,
                    5.835793495178223
                ],
                [
                    0.0,
                    0.0,
                    0.0,
                    1.0
                ]
            ]
        },
        {
            "file_path": "./images/image29",
            "rotation": 0.6283185307179586,
            "transform_matrix": [
                [
                    -0.9979217052459717,
                    0.058461230248212814,
                    -0.027103999629616737,
                    -0.28850606083869934
                ],
                [
                    -0.06443867087364197,
                    -0.9053527116775513,
                    0.41974276304244995,
                    4.467913627624512
                ],
                [
                    0.0,
                    0.42061692476272583,
                    0.9072383046150208,
                    9.657015800476074
                ],
                [
                    0.0,
                    0.0,
                    0.0,
                    1.0
                ]
            ]
        },
        {
            "file_path": "./images/image30",
            "rotation": 0.6283185307179586,
            "transform_matrix": [
                [
                    -1.3960285372149883e-08,
                    -0.9196928143501282,
                    0.39263877272605896,
                    4.179407596588135
                ],
                [
                    1.0,
                    -1.2839173280099203e-08,
                    5.481348708258338e-09,
                    5.8345719367025595e-08
                ],
                [
                    4.440892098500626e-16,
                    0.39263880252838135,
                    0.9196927547454834,
                    9.789586067199707
                ],
                [
                    0.0,
                    0.0,
                    0.0,
                    1.0
                ]
            ]
        },
        {
            "file_path": "./images/image31",
            "rotation": 0.6283185307179586,
            "transform_matrix": [
                [
                    0.13159622251987457,
                    -0.05802200734615326,
                    0.9896038770675659,
                    10.533748626708984
                ],
                [
                    0.9913034439086914,
                    0.007702461443841457,
                    -0.13137060403823853,
                    -1.3983625173568726
                ],
                [
                    4.656613428188905e-10,
                    0.9982855319976807,
                    0.0585310272872448,
                    0.6230282187461853
                ],
                [
                    0.0,
                    0.0,
                    0.0,
                    1.0
                ]
            ]
        },
        {
            "file_path": "./images/image32",
            "rotation": 0.6283185307179586,
            "transform_matrix": [
                [
                    0.053572557866573334,
                    0.4179535508155823,
                    0.9068874716758728,
                    9.653280258178711
                ],
                [
                    0.9985639452934265,
                    -0.022423040121793747,
                    -0.04865415021777153,
                    -0.5178946256637573
                ],
                [
                    -1.8626449271863521e-09,
                    0.9081916809082031,
                    -0.4185546338558197,
                    -4.45526647567749
                ],
                [
                    0.0,
                    0.0,
                    0.0,
                    1.0
                ]
            ]
        },
        {
            "file_path": "./images/image33",
            "rotation": 0.6283185307179586,
            "transform_matrix": [
                [
                    -0.3197627067565918,
                    0.697137176990509,
                    0.6416787505149841,
                    6.830290794372559
                ],
                [
                    0.9474976658821106,
                    0.23527070879936218,
                    0.21655453741550446,
                    2.3050949573516846
                ],
                [
                    1.4901161193847656e-08,
                    0.6772351264953613,
                    -0.7357666492462158,
                    -7.83180046081543
                ],
                [
                    0.0,
                    0.0,
                    0.0,
                    1.0
                ]
            ]
        },
        {
            "file_path": "./images/image34",
            "rotation": 0.6283185307179586,
            "transform_matrix": [
                [
                    -0.8855743408203125,
                    0.3585646450519562,
                    0.2952785789966583,
                    3.1430656909942627
                ],
                [
                    0.4644976556301117,
                    0.6836109161376953,
                    0.5629547238349915,
                    5.9923200607299805
                ],
                [
                    0.0,
                    0.6356945037841797,
                    -0.7719408273696899,
                    -8.216853141784668
                ],
                [
                    0.0,
                    0.0,
                    0.0,
                    1.0
                ]
            ]
        },
        {
            "file_path": "./images/image35",
            "rotation": 0.6283185307179586,
            "transform_matrix": [
                [
                    -1.0,
                    -1.3306073576302424e-08,
                    -2.2249384556971563e-08,
                    -2.3683152505782346e-07
                ],
                [
                    -2.5924634883267572e-08,
                    0.5132598280906677,
                    0.8582332730293274,
                    9.135385513305664
                ],
                [
                    0.0,
                    0.8582332730293274,
                    -0.5132598280906677,
                    -5.4633469581604
                ],
                [
                    0.0,
                    0.0,
                    0.0,
                    1.0
                ]
            ]
        },
        {
            "file_path": "./images/image36",
            "rotation": 0.6283185307179586,
            "transform_matrix": [
                [
                    -0.9913034439086914,
                    -0.007702463306486607,
                    -0.1313706338405609,
                    -1.398362636566162
                ],
                [
                    -0.13159625232219696,
                    0.05802200734615326,
                    0.9896038770675659,
                    10.533747673034668
                ],
                [
                    0.0,
                    0.9982855319976807,
                    -0.0585310272872448,
                    -0.6230281591415405
                ],
                [
                    0.0,
                    0.0,
                    0.0,
                    1.0
                ]
            ]
        },
        {
            "file_path": "./images/image37",
            "rotation": 0.6283185307179586,
            "transform_matrix": [
                [
                    -0.9985640048980713,
                    0.022423045709729195,
                    -0.048654165118932724,
                    -0.5178948044776917
                ],
                [
                    -0.053572576493024826,
                    -0.4179535210132599,
                    0.9068874716758728,
                    9.653280258178711
                ],
                [
                    0.0,
                    0.9081916809082031,
                    0.4185546040534973,
                    4.455265998840332
                ],
                [
                    0.0,
                    0.0,
                    0.0,
                    1.0
                ]
            ]
        },
        {
            "file_path": "./images/image38",
            "rotation": 0.6283185307179586,
            "transform_matrix": [
                [
                    -0.9474977850914001,
                    -0.2352706640958786,
                    0.21655449271202087,
                    2.3050944805145264
                ],
                [
                    0.319762647151947,
                    -0.697137176990509,
                    0.6416787505149841,
                    6.830290794372559
                ],
                [
                    1.4901162970204496e-08,
                    0.6772351264953613,
                    0.7357666492462158,
                    7.83180046081543
                ],
                [
                    0.0,
                    0.0,
                    0.0,
                    1.0
                ]
            ]
        },
        {
            "file_path": "./images/image39",
            "rotation": 0.6283185307179586,
            "transform_matrix": [
                [
                    -0.4644976854324341,
                    -0.6836110353469849,
                    0.5629546642303467,
                    5.992319583892822
                ],
                [
                    0.8855743408203125,
                    -0.35856473445892334,
                    0.2952785789966583,
                    3.1430656909942627
                ],
                [
                    0.0,
                    0.6356943249702454,
                    0.7719408273696899,
                    8.216853141784668
                ],
                [
                    0.0,
                    0.0,
                    0.0,
                    1.0
                ]
            ]
        },
        {
            "file_path": "./images/image40",
            "rotation": 0.6283185307179586,
            "transform_matrix": [
                [
                    3.0908978487786953e-08,
                    -0.5132598280906677,
                    0.8582332730293274,
                    9.135385513305664
                ],
                [
                    1.0,
                    1.586433739930726e-08,
                    -2.6527112950702758e-08,
                    -2.8236541993464925e-07
                ],
                [
                    0.0,
                    0.8582332730293274,
                    0.5132598280906677,
                    5.4633469581604
                ],
                [
                    0.0,
                    0.0,
                    0.0,
                    1.0
                ]
            ]
        },
        {
            "file_path": "./images/image41",
            "rotation": 0.6283185307179586,
            "transform_matrix": [
                [
                    -0.15127253532409668,
                    0.48055604100227356,
                    0.8638185858726501,
                    9.19483757019043
                ],
                [
                    0.9884921908378601,
                    0.07354122400283813,
                    0.13219328224658966,
                    1.4071192741394043
                ],
                [
                    7.450581485102248e-09,
                    0.8738750219345093,
                    -0.4861506521701813,
                    -5.17478609085083
                ],
                [
                    0.0,
                    0.0,
                    0.0,
                    1.0
                ]
            ]
        },
        {
            "file_path": "./images/image42",
            "rotation": 0.6283185307179586,
            "transform_matrix": [
                [
                    -0.5638589859008789,
                    0.5759519934654236,
                    0.5918972492218018,
                    6.300395965576172
                ],
                [
                    0.8258711099624634,
                    0.39322805404663086,
                    0.40411460399627686,
                    4.301560878753662
                ],
                [
                    0.0,
                    0.7166944146156311,
                    -0.6973873376846313,
                    -7.423275470733643
                ],
                [
                    0.0,
                    0.0,
                    0.0,
                    1.0
                ]
            ]
        },
        {
            "file_path": "./images/image43",
            "rotation": 0.6283185307179586,
            "transform_matrix": [
                [
                    -0.9287675023078918,
                    0.23805660009384155,
                    0.2841126322746277,
                    3.0242109298706055
                ],
                [
                    0.3706628084182739,
                    0.5964969396591187,
                    0.7118992209434509,
                    7.5777459144592285
                ],
                [
                    -1.4901161193847656e-08,
                    0.7664988040924072,
                    -0.6422457098960876,
                    -6.836325645446777
                ],
                [
                    0.0,
                    0.0,
                    0.0,
                    1.0
                ]
            ]
        },
        {
            "file_path": "./images/image44",
            "rotation": 0.6283185307179586,
            "transform_matrix": [
                [
                    -0.9980919361114502,
                    0.0211042370647192,
                    0.058028001338243484,
                    0.6176737546920776
                ],
                [
                    0.061746563762426376,
                    0.3411358892917633,
                    0.9379838705062866,
                    9.984283447265625
                ],
                [
                    0.0,
                    0.9397770166397095,
                    -0.34178808331489563,
                    -3.638131856918335
                ],
                [
                    0.0,
                    0.0,
                    0.0,
                    1.0
                ]
            ]
        },
        {
            "file_path": "./images/image45",
            "rotation": 0.6283185307179586,
            "transform_matrix": [
                [
                    -1.0,
                    1.7876863322996428e-09,
                    -1.99567011804902e-08,
                    -2.124272668879712e-07
                ],
                [
                    -2.003660881655378e-08,
                    -0.08922100067138672,
                    0.9960119128227234,
                    10.601957321166992
                ],
                [
                    1.1102228922762585e-16,
                    0.9960118532180786,
                    0.08922100812196732,
                    0.9497048258781433
                ],
                [
                    0.0,
                    0.0,
                    0.0,
                    1.0
                ]
            ]
        },
        {
            "file_path": "./images/image46",
            "rotation": 0.6283185307179586,
            "transform_matrix": [
                [
                    -0.9884921312332153,
                    -0.07354124635457993,
                    0.13219331204891205,
                    1.4071195125579834
                ],
                [
                    0.15127255022525787,
