{
    "camera_angle_x": 0.6911112070083618,
    "w": 1920.0,
    "h": 1080.0,
    "aabb_scale": 16,
    "frames": [
        {
            "file_path": "./images/image1",
            "rotation": 0.20943951023931956,
            "transform_matrix": [
                [
                    0.11986134946346283,
                    0.6559373736381531,
                    -0.7452378273010254,
                    -13.551539421081543
                ],
                [
                    -0.992790699005127,
                    0.07919245958328247,
                    -0.08997385948896408,
                    -1.6361008882522583
                ],
                [
                    -3.725290298461914e-09,
                    0.7506495714187622,
                    0.6607005596160889,
                    12.014298439025879
                ],
                [
                    0.0,
                    0.0,
                    0.0,
                    1.0
                ]
            ]
        },
        {
            "file_path": "./images/image2",
            "rotation": 0.20943951023931956,
            "transform_matrix": [
                [
                    0.2900635898113251,
                    0.7106705904006958,
                    -0.6409448981285095,
                    -11.655057907104492
                ],
                [
                    -0.9570074081420898,
                    0.21540029346942902,
                    -0.19426681101322174,
                    -3.5325827598571777
                ],
                [
                    1.4901161193847656e-08,
                    0.66973876953125,
                    0.7425968050956726,
                    13.503514289855957
                ],
                [
                    0.0,
                    0.0,
                    0.0,
                    1.0
                ]
            ]
        },
        {
            "file_path": "./images/image3",
            "rotation": 0.20943951023931956,
            "transform_matrix": [
                [
                    0.5050532817840576,
                    0.6835986375808716,
                    -0.5268909931182861,
                    -9.581080436706543
                ],
                [
                    -0.8630882501602173,
                    0.40002137422561646,
                    -0.3083207607269287,
                    -5.606560230255127
                ],
                [
                    0.0,
                    0.610471785068512,
                    0.7920380234718323,
                    14.402562141418457
                ],
                [
                    0.0,
                    0.0,
                    0.0,
                    1.0
                ]
            ]
        },
        {
            "file_path": "./images/image4",
            "rotation": 0.20943951023931956,
            "transform_matrix": [
                [
                    0.723080039024353,
                    0.5573523640632629,
                    -0.408060759305954,
                    -7.420250415802002
                ],
                [
                    -0.6907642483711243,
                    0.583426833152771,
                    -0.4271509647369385,
                    -7.767390251159668
                ],
                [
                    0.0,
                    0.59073805809021,
                    0.8068633675575256,
                    14.672148704528809
                ],
                [
                    0.0,
                    0.0,
                    0.0,
                    1.0
                ]
            ]
        },
        {
            "file_path": "./images/image5",
            "rotation": 0.20943951023931956,
            "transform_matrix": [
                [
                    0.8832386136054993,
                    0.3687734305858612,
                    -0.2896476984024048,
                    -5.267005920410156
                ],
                [
                    -0.468923956155777,
                    0.6946007609367371,
                    -0.5455639958381653,
                    -9.920634269714355
                ],
                [
                    1.4901162970204496e-08,
                    0.6176859140396118,
                    0.7864248752593994,
                    14.300492286682129
                ],
                [
                    0.0,
                    0.0,
                    0.0,
                    1.0
                ]
            ]
        },
        {
            "file_path": "./images/image6",
            "rotation": 0.20943951023931956,
            "transform_matrix": [
                [
                    0.9657741189002991,
                    0.18977001309394836,
                    -0.17682702839374542,
                    -3.215454578399658
                ],
                [
                    -0.25938475131988525,
                    0.7065756916999817,
                    -0.6583846807479858,
                    -11.972186088562012
                ],
                [
                    7.450580596923828e-09,
                    0.6817170977592468,
                    0.7316159009933472,
                    13.30383586883545
                ],
                [
                    0.0,
                    0.0,
                    0.0,
                    1.0
                ]
            ]
        },
        {
            "file_path": "./images/image7",
            "rotation": 0.20943951023931956,
            "transform_matrix": [
                [
                    0.9952346086502075,
                    0.06287775933742523,
                    -0.07452954351902008,
                    -1.3552587032318115
                ],
                [
                    -0.09751035273075104,
                    0.6417588591575623,
                    -0.7606821656227112,
                    -13.832382202148438
                ],
                [
                    3.725290742551124e-09,
                    0.7643244862556458,
                    0.6448317766189575,
                    11.725737571716309
                ],
                [
                    0.0,
                    0.0,
                    0.0,
                    1.0
                ]
            ]
        },
        {
            "file_path": "./images/image8",
            "rotation": 0.20943951023931956,
            "transform_matrix": [
                [
                    0.9998866319656372,
                    -0.007980861701071262,
                    0.012773853726685047,
                    0.23228205740451813
                ],
                [
                    0.015062056481838226,
                    0.5298053026199341,
                    -0.847985565662384,
                    -15.419922828674316
                ],
                [
                    4.656612873077393e-10,
                    0.8480818271636963,
                    0.5298653841018677,
                    9.635168075561523
                ],
                [
                    0.0,
                    0.0,
                    0.0,
                    1.0
                ]
            ]
        },
        {
            "file_path": "./images/image9",
            "rotation": 0.20943951023931956,
            "transform_matrix": [
                [
                    0.9960915446281433,
                    -0.034601375460624695,
                    0.0812675878405571,
                    1.477784514427185
                ],
                [
                    0.08832709491252899,
                    0.39021021127700806,
                    -0.9164793491363525,
                    -16.66542625427246
                ],
                [
                    0.0,
                    0.9200753569602966,
                    0.3917413651943207,
                    7.123495578765869
                ],
                [
                    0.0,
                    0.0,
                    0.0,
                    1.0
                ]
            ]
        },
        {
            "file_path": "./images/image10",
            "rotation": 0.20943951023931956,
            "transform_matrix": [
                [
                    0.9912903904914856,
                    -0.031145146116614342,
                    0.12795816361904144,
                    2.3268144130706787
                ],
                [
                    0.1316939890384674,
                    0.2344365268945694,
                    -0.9631699323654175,
                    -17.514455795288086
                ],
                [
                    0.0,
                    0.9716323614120483,
                    0.23649634420871735,
                    4.300492286682129
                ],
                [
                    0.0,
                    0.0,
                    0.0,
                    1.0
                ]
            ]
        },
        {
            "file_path": "./images/image11",
            "rotation": 0.20943951023931956,
            "transform_matrix": [
                [
                    0.988505482673645,
                    -0.01072137150913477,
                    0.15080495178699493,
                    2.742264986038208
                ],
                [
                    0.15118560194969177,
                    0.07010015845298767,
                    -0.9860166311264038,
                    -17.929906845092773
                ],
                [
                    0.0,
                    0.9974823594093323,
                    0.07091529667377472,
                    1.289536714553833
                ],
                [
                    0.0,
                    0.0,
                    0.0,
                    1.0
                ]
            ]
        },
        {
            "file_path": "./images/image12",
            "rotation": 0.20943951023931956,
            "transform_matrix": [
                [
                    0.9887579083442688,
                    0.014618397690355778,
                    0.14880947768688202,
                    2.7059788703918457
                ],
                [
                    0.14952579140663147,
                    -0.09666597098112106,
                    -0.9840211868286133,
                    -17.89362144470215
                ],
                [
                    0.0,
                    0.9952095150947571,
                    -0.09776506572961807,
                    -1.777777910232544
                ],
                [
                    0.0,
                    0.0,
                    0.0,
                    1.0
                ]
            ]
        },
        {
            "file_path": "./images/image13",
            "rotation": 0.20943951023931956,
            "transform_matrix": [
                [
                    0.9919688105583191,
                    0.033160433173179626,
                    0.1220589354634285,
                    2.2195420265197754
                ],
                [
                    0.12648320198059082,
                    -0.26006707549095154,
                    -0.957270622253418,
                    -17.407184600830078
                ],
                [
                    3.725290742551124e-09,
                    0.9650209546089172,
                    -0.2621726393699646,
                    -4.76739501953125
                ],
                [
                    0.0,
                    0.0,
                    0.0,
                    1.0
                ]
            ]
        },
        {
            "file_path": "./images/image14",
            "rotation": 0.20943951023931956,
            "transform_matrix": [
                [
                    0.9968875646591187,
                    0.032726630568504333,
                    0.07172245532274246,
                    1.3042142391204834
                ],
                [
                    0.07883618026971817,
                    -0.4138299524784088,
                    -0.9069342017173767,
                    -16.491857528686523
                ],
                [
                    0.0,
                    0.9097657799720764,
                    -0.41512197256088257,
                    -7.548654079437256
                ],
                [
                    0.0,
                    0.0,
                    0.0,
                    1.0
                ]
            ]
        },
        {
            "file_path": "./images/image15",
            "rotation": 0.20943951023931956,
            "transform_matrix": [
                [
                    1.0,
                    -1.2997873888309641e-08,
                    -1.9740705070603326e-08,
                    -3.589686059513042e-07
                ],
                [
                    -2.3635569945668067e-08,
                    -0.5499285459518433,
                    -0.8352117538452148,
                    -15.187643051147461
                ],
                [
                    0.0,
                    0.8352116942405701,
                    -0.5499285459518433,
                    -10.000000953674316
                ],
                [
                    0.0,
                    0.0,
                    0.0,
                    1.0
                ]
            ]
        },
        {
            "file_path": "./images/image16",
            "rotation": 0.20943951023931956,
            "transform_matrix": [
                [
                    0.992790699005127,
                    -0.07919246703386307,
                    -0.08997385948896408,
                    -1.6361013650894165
                ],
                [
                    -0.11986136436462402,
                    -0.6559373736381531,
                    -0.7452377676963806,
                    -13.551542282104492
                ],
                [
                    0.0,
                    0.7506495714187622,
                    -0.6607005000114441,
                    -12.014300346374512
                ],
                [
                    0.0,
                    0.0,
                    0.0,
                    1.0
                ]
            ]
        },
        {
            "file_path": "./images/image17",
            "rotation": 0.20943951023931956,
            "transform_matrix": [
                [
                    0.9570074081420898,
                    -0.21540029346942902,
                    -0.19426679611206055,
                    -3.532583475112915
                ],
                [
                    -0.2900635898113251,
                    -0.7106705904006958,
                    -0.6409448385238647,
                    -11.655059814453125
                ],
                [
                    0.0,
                    0.66973876953125,
                    -0.7425967454910278,
                    -13.503517150878906
                ],
                [
                    0.0,
                    0.0,
                    0.0,
                    1.0
                ]
            ]
        },
        {
            "file_path": "./images/image18",
            "rotation": 0.20943951023931956,
            "transform_matrix": [
                [
                    0.8630882501602173,
                    -0.40002137422561646,
                    -0.3083207309246063,
                    -5.606561183929443
                ],
                [
                    -0.5050532817840576,
                    -0.6835986375808716,
                    -0.5268909335136414,
                    -9.581082344055176
                ],
                [
                    1.4901162970204496e-08,
                    0.610471785068512,
                    -0.7920379638671875,
                    -14.402565002441406
                ],
                [
                    0.0,
                    0.0,
                    0.0,
                    1.0
                ]
            ]
        },
        {
            "file_path": "./images/image19",
            "rotation": 0.20943951023931956,
            "transform_matrix": [
                [
                    0.6907642483711243,
                    -0.583426833152771,
                    -0.4271509349346161,
                    -7.767391681671143
                ],
                [
                    -0.7230800986289978,
                    -0.5573523640632629,
                    -0.4080607295036316,
                    -7.420251846313477
                ],
                [
                    -1.4901162970204496e-08,
                    0.59073805809021,
                    -0.8068633079528809,
                    -14.672151565551758
                ],
                [
                    0.0,
                    0.0,
                    0.0,
                    1.0
                ]
            ]
        },
        {
            "file_path": "./images/image20",
            "rotation": 0.20943951023931956,
            "transform_matrix": [
                [
                    0.468923956155777,
                    -0.6946007609367371,
                    -0.5455639362335205,
                    -9.920636177062988
                ],
                [
                    -0.8832385540008545,
                    -0.3687734603881836,
                    -0.2896476984024048,
                    -5.267007350921631
                ],
                [
                    1.4901162970204496e-08,
                    0.6176859140396118,
                    -0.7864248156547546,
                    -14.300495147705078
                ],
                [
                    0.0,
                    0.0,
                    0.0,
                    1.0
                ]
            ]
        },
        {
            "file_path": "./images/image21",
            "rotation": 0.20943951023931956,
            "transform_matrix": [
                [
                    0.25938481092453003,
                    -0.7065756320953369,
                    -0.6583846211433411,
                    -11.972187995910645
                ],
                [
                    -0.9657741189002991,
                    -0.18977002799510956,
                    -0.17682702839374542,
                    -3.2154555320739746
                ],
                [
                    0.0,
                    0.6817171573638916,
                    -0.7316158413887024,
                    -13.303837776184082
                ],
                [
                    0.0,
                    0.0,
                    0.0,
                    1.0
                ]
            ]
        },
        {
            "file_path": "./images/image22",
            "rotation": 0.20943951023931956,
            "transform_matrix": [
                [
                    0.09751038998365402,
                    -0.6417587399482727,
                    -0.7606821060180664,
                    -13.83238410949707
                ],
                [
                    -0.9952346086502075,
                    -0.06287778168916702,
                    -0.07452956587076187,
                    -1.3552594184875488
                ],
                [
                    -3.725291186640334e-09,
                    0.7643245458602905,
                    -0.6448317170143127,
                    -11.725739479064941
                ],
                [
                    0.0,
                    0.0,
                    0.0,
                    1.0
                ]
            ]
        },
        {
            "file_path": "./images/image23",
            "rotation": 0.20943951023931956,
            "transform_matrix": [
                [
                    -0.01506202481687069,
                    -0.5298052430152893,
                    -0.8479854464530945,
                    -15.41992473602295
                ],
                [
                    -0.9998866319656372,
                    0.00798084493726492,
                    0.012773825787007809,
                    0.2322816103696823
                ],
                [
                    4.656613983300417e-10,
                    0.8480817079544067,
                    -0.5298653841018677,
                    -9.635169982910156
                ],
                [
                    0.0,
                    0.0,
                    0.0,
                    1.0
                ]
            ]
        },
        {
            "file_path": "./images/image24",
            "rotation": 0.20943951023931956,
            "transform_matrix": [
                [
                    -0.0883270725607872,
                    -0.3902103006839752,
                    -0.916479229927063,
                    -16.665428161621094
                ],
                [
                    -0.9960915446281433,
                    0.0346013680100441,
                    0.08126755803823471,
                    1.4777843952178955
                ],
                [
                    0.0,
                    0.9200752973556519,
                    -0.3917413651943207,
                    -7.123497486114502
                ],
                [
                    0.0,
                    0.0,
                    0.0,
                    1.0
                ]
            ]
        },
        {
            "file_path": "./images/image25",
            "rotation": 0.20943951023931956,
            "transform_matrix": [
                [
                    -0.1316939890384674,
                    -0.23443661630153656,
                    -0.9631698727607727,
                    -17.51445770263672
                ],
                [
                    -0.9912903904914856,
                    0.031145155429840088,
                    0.12795814871788025,
                    2.3268144130706787
                ],
                [
                    0.0,
                    0.9716324210166931,
                    -0.23649638891220093,
                    -4.3004937171936035
                ],
                [
                    0.0,
                    0.0,
                    0.0,
                    1.0
                ]
            ]
        },
        {
            "file_path": "./images/image26",
            "rotation": 0.20943951023931956,
            "transform_matrix": [
                [
                    -0.15118560194969177,
                    -0.07010020315647125,
                    -0.986016571521759,
                    -17.929908752441406
                ],
                [
                    -0.988505482673645,
                    0.010721378028392792,
                    0.15080493688583374,
                    2.742264986038208
                ],
                [
                    0.0,
                    0.9974823594093323,
                    -0.0709153413772583,
                    -1.289537787437439
                ],
                [
                    0.0,
                    0.0,
                    0.0,
                    1.0
                ]
            ]
        },
        {
            "file_path": "./images/image27",
            "rotation": 0.20943951023931956,
            "transform_matrix": [
                [
                    -0.14952579140663147,
                    0.09666591882705688,
                    -0.9840211868286133,
                    -17.89362335205078
                ],
                [
                    -0.9887579083442688,
                    -0.014618389308452606,
                    0.14880947768688202,
                    2.705979108810425
                ],
                [
                    0.0,
                    0.9952095150947571,
                    0.0977650135755539,
                    1.7777771949768066
                ],
                [
                    0.0,
                    0.0,
                    0.0,
                    1.0
                ]
            ]
        },
        {
            "file_path": "./images/image28",
            "rotation": 0.20943951023931956,
            "transform_matrix": [
                [
                    -0.12648320198059082,
                    0.26006701588630676,
                    -0.957270622253418,
                    -17.40718650817871
                ],
                [
                    -0.9919687509536743,
                    -0.03316042944788933,
                    0.1220589429140091,
                    2.2195425033569336
                ],
                [
                    0.0,
                    0.965021014213562,
                    0.2621725797653198,
                    4.76739501953125
                ],
                [
                    0.0,
                    0.0,
                    0.0,
                    1.0
                ]
            ]
        },
        {
            "file_path": "./images/image29",
            "rotation": 0.20943951023931956,
            "transform_matrix": [
                [
                    -0.07883619517087936,
                    0.41382989287376404,
                    -0.9069342017173767,
                    -16.491859436035156
                ],
                [
                    -0.9968876242637634,
                    -0.032726630568504333,
                    0.07172247022390366,
                    1.3042147159576416
                ],
                [
                    1.862645371275562e-09,
                    0.9097657203674316,
                    0.4151219427585602,
                    7.548654556274414
                ],
                [
                    0.0,
                    0.0,
                    0.0,
                    1.0
                ]
            ]
        },
        {
            "file_path": "./images/image30",
            "rotation": 0.20943951023931956,
            "transform_matrix": [
                [
                    -1.4298380257571353e-09,
                    0.5499284863471985,
                    -0.8352117538452148,
                    -15.187644958496094
                ],
                [
                    -1.0,
                    -7.863086293191657e-10,
                    1.194217502664685e-09,
                    2.1715871767469253e-08
                ],
                [
                    0.0,
                    0.8352117538452148,
                    0.5499284863471985,
                    10.000001907348633
                ],
                [
                    0.0,
                    0.0,
                    0.0,
                    1.0
                ]
            ]
        },
        {
            "file_path": "./images/image31",
            "rotation": 0.20943951023931956,
            "transform_matrix": [
                [
                    0.5567336678504944,
                    0.8034393191337585,
                    -0.2110283076763153,
                    -3.8373777866363525
                ],
                [
                    -0.8306910991668701,
                    0.5384693741798401,
                    -0.14143231511116028,
                    -2.571831464767456
                ],
                [
                    0.0,
                    0.2540394067764282,
                    0.9671937823295593,
                    17.587631225585938
                ],
                [
                    0.0,
                    0.0,
                    0.0,
                    1.0
                ]
            ]
        },
        {
            "file_path": "./images/image32",
            "rotation": 0.20943951023931956,
            "transform_matrix": [
                [
                    0.9725248217582703,
                    0.22262375056743622,
                    -0.06807514280080795,
                    -1.2378910779953003
                ],
                [
                    -0.23279941082000732,
                    0.9300157427787781,
                    -0.28438547253608704,
                    -5.171318054199219
                ],
                [
                    -7.450581485102248e-09,
                    0.2924196720123291,
                    0.9562900066375732,
                    17.389354705810547
                ],
                [
                    0.0,
                    0.0,
                    0.0,
                    1.0
                ]
            ]
        },
        {
            "file_path": "./images/image33",
            "rotation": 0.20943951023931956,
            "transform_matrix": [
                [
                    0.9865013360977173,
                    -0.14796635508537292,
                    0.07015111297369003,
                    1.275640845298767
                ],
                [
                    0.16375353932380676,
                    0.8913944959640503,
                    -0.42261171340942383,
                    -7.684849739074707
                ],
                [
                    0.0,
                    0.42839452624320984,
                    0.9035917520523071,
                    16.431079864501953
                ],
                [
                    0.0,
                    0.0,
                    0.0,
                    1.0
                ]
            ]
        },
        {
            "file_path": "./images/image34",
            "rotation": 0.20943951023931956,
            "transform_matrix": [
                [
                    0.9411139488220215,
                    -0.2743266522884369,
                    0.1976093202829361,
                    3.5933644771575928
                ],
                [
                    0.33808955550193787,
                    0.763621985912323,
                    -0.5500698685646057,
                    -10.002573013305664
                ],
                [
                    1.4901161193847656e-08,
                    0.5844881534576416,
                    0.8114022016525269,
                    14.754688262939453
                ],
                [
                    0.0,
                    0.0,
                    0.0,
                    1.0
                ]
            ]
        },
        {
            "file_path": "./images/image35",
            "rotation": 0.20943951023931956,
            "transform_matrix": [
                [
                    0.9060918688774109,
                    -0.2892819046974182,
                    0.308728963136673,
                    5.61398458480835
                ],
                [
                    0.42308109998703003,
                    0.6195407509803772,
                    -0.6611895561218262,
                    -12.023193359375
                ],
                [
                    0.0,
                    0.7297157645225525,
                    0.6837505102157593,
                    12.433445930480957
                ],
                [
                    0.0,
                    0.0,
                    0.0,
                    1.0
                ]
            ]
        },
        {
            "file_path": "./images/image36",
            "rotation": 0.20943951023931956,
            "transform_matrix": [
                [
                    0.8832988739013672,
                    -0.2466953843832016,
                    0.3986535370349884,
                    7.249189853668213
                ],
                [
                    0.468810498714447,
                    0.46480560302734375,
                    -0.7511141300201416,
                    -13.658398628234863
                ],
                [
                    -1.4901162970204496e-08,
                    0.8503511548042297,
                    0.5262156128883362,
                    9.568801879882812
                ],
                [
                    0.0,
                    0.0,
                    0.0,
                    1.0
                ]
            ]
        },
        {
            "file_path": "./images/image37",
            "rotation": 0.20943951023931956,
            "transform_matrix": [
                [
                    0.8695181012153625,
                    -0.1707330346107483,
                    0.46345293521881104,
                    8.42751407623291
                ],
                [
                    0.49390119314193726,
                    0.30057722330093384,
                    -0.8159135580062866,
                    -14.836723327636719
                ],
                [
                    0.0,
                    0.938351571559906,
                    0.3456825315952301,
                    6.285955429077148
                ],
                [
                    0.0,
                    0.0,
                    0.0,
                    1.0
                ]
            ]
        },
        {
            "file_path": "./images/image38",
            "rotation": 0.20943951023931956,
            "transform_matrix": [
                [
                    0.8625197410583496,
                    -0.07592452317476273,
                    0.500295102596283,
                    9.097458839416504
                ],
                [
                    0.5060234665870667,
                    0.12941375374794006,
                    -0.8527557253837585,
                    -15.506668090820312
                ],
                [
                    0.0,
                    0.9886797070503235,
                    0.15004150569438934,
                    2.7283825874328613
                ],
                [
                    0.0,
                    0.0,
                    0.0,
                    1.0
                ]
            ]
        },
        {
            "file_path": "./images/image39",
            "rotation": 0.20943951023931956,
            "transform_matrix": [
                [
                    0.8612027168273926,
                    0.026509441435337067,
                    0.5075699090957642,
                    9.229744911193848
                ],
                [
                    0.5082617402076721,
                    -0.04491780698299408,
                    -0.860030472278595,
                    -15.638954162597656
                ],
                [
                    0.0,
                    0.9986389875411987,
                    -0.05215706303715706,
                    -0.9484336972236633
                ],
                [
                    0.0,
                    0.0,
                    0.0,
                    1.0
                ]
            ]
        },
        {
            "file_path": "./images/image40",
            "rotation": 0.20943951023931956,
            "transform_matrix": [
                [
                    0.8653647899627686,
                    0.1263260692358017,
                    0.48495930433273315,
                    8.81859016418457
                ],
                [
                    0.5011425018310547,
                    -0.21813780069351196,
                    -0.8374199271202087,
                    -15.227799415588379
                ],
                [
                    -1.4901161193847656e-08,
                    0.9677074551582336,
                    -0.252076119184494,
                    -4.583798885345459
                ],
                [
                    0.0,
                    0.0,
                    0.0,
                    1.0
                ]
            ]
        },
        {
            "file_path": "./images/image41",
            "rotation": 0.20943951023931956,
            "transform_matrix": [
                [
                    0.8756508827209473,
                    0.21296817064285278,
                    0.4334515631198883,
                    7.881963729858398
                ],
                [
                    0.4829448461532593,
                    -0.38614293932914734,
                    -0.7859121561050415,
                    -14.291172981262207
                ],
                [
                    -1.4901162970204496e-08,
                    0.897517740726471,
                    -0.4409782588481903,
                    -8.018830299377441
                ],
                [
                    0.0,
                    0.0,
                    0.0,
                    1.0
                ]
            ]
        },
        {
            "file_path": "./images/image42",
            "rotation": 0.20943951023931956,
            "transform_matrix": [
                [
                    0.8937095999717712,
                    0.2739466428756714,
                    0.3552978038787842,
                    6.460801124572754
                ],
                [
                    0.44864609837532043,
                    -0.5457057356834412,
                    -0.7077584266662598,
                    -12.870010375976562
                ],
                [
                    1.4901162970204496e-08,
                    0.7919332981109619,
                    -0.6106075048446655,
                    -11.103400230407715
                ],
                [
                    0.0,
                    0.0,
                    0.0,
                    1.0
                ]
            ]
        },
        {
            "file_path": "./images/image43",
            "rotation": 0.20943951023931956,
            "transform_matrix": [
                [
                    0.9223963022232056,
                    0.29105499386787415,
                    0.2539137005805969,
                    4.617213726043701
                ],
                [
                    0.3862450122833252,
                    -0.6950719356536865,
                    -0.6063743233680725,
                    -11.026423454284668
                ],
                [
                    0.0,
                    0.6573902368545532,
                    -0.7535502910614014,
                    -13.702698707580566
                ],
                [
                    0.0,
                    0.0,
                    0.0,
                    1.0
                ]
            ]
        },
        {
            "file_path": "./images/image44",
            "rotation": 0.20943951023931956,
            "transform_matrix": [
                [
                    0.9641913175582886,
                    0.2290225327014923,
                    0.13373024761676788,
                    2.4317755699157715
                ],
                [
                    0.2652076482772827,
                    -0.8326364159584045,
                    -0.48619088530540466,
                    -8.840985298156738
                ],
                [
                    7.450580596923828e-09,
                    0.5042471885681152,
                    -0.8635593056678772,
                    -15.703123092651367
                ],
                [
                    0.0,
                    0.0,
                    0.0,
                    1.0
                ]
            ]
        },
        {
            "file_path": "./images/image45",
            "rotation": 0.20943951023931956,
            "transform_matrix": [
                [
                    1.0,
                    6.671201191466025e-08,
                    2.5125761027311455e-08,
                    4.5689154148931266e-07
                ],
                [
                    7.128671342115922e-08,
                    -0.9358267188072205,
                    -0.352460652589798,
                    -6.409210205078125
                ],
                [
                    0.0,
                    0.3524605929851532,
                    -0.9358266592025757,
                    -17.01724624633789
                ],
                [
                    0.0,
                    0.0,
                    0.0,
                    1.0
                ]
            ]
        },
        {
            "file_path": "./images/image46",
            "rotation": 0.20943951023931956,
            "transform_matrix": [
                [
                    0.8306911587715149,
                    -0.5384692549705505,
