{
    "camera_angle_x": 0.6911112070083618,
    "w": 256,
    "h": 256,
    "focus": 50,
    "aabb_scale": 16,
    "frames": [
        {
            "file_path": "./images/image1",
            "rotation": 1.2566370614359172,
            "transform_matrix": [
                [
                    0.9973935484886169,
                    0.05121782794594765,
                    -0.050822388380765915,
                    -0.5409741401672363
                ],
                [
                    -0.07215386629104614,
                    0.7079915404319763,
                    -0.7025253772735596,
                    -7.477964878082275
                ],
                [
                    0.0,
                    0.7043612003326416,
                    0.7098417282104492,
                    7.555843353271484
                ],
                [
                    0.0,
                    0.0,
                    0.0,
                    1.0
                ]
            ]
        },
        {
            "file_path": "./images/image2",
            "rotation": 1.2566370614359172,
            "transform_matrix": [
                [
                    0.9784690737724304,
                    0.045182887464761734,
                    0.20138728618621826,
                    2.1436479091644287
                ],
                [
                    0.20639362931251526,
                    -0.2142026275396347,
                    -0.9547350406646729,
                    -10.16258716583252
                ],
                [
                    0.0,
                    0.9757436513900757,
                    -0.218916118144989,
                    -2.3302319049835205
                ],
                [
                    0.0,
                    0.0,
                    0.0,
                    1.0
                ]
            ]
        },
        {
            "file_path": "./images/image3",
            "rotation": 1.2566370614359172,
            "transform_matrix": [
                [
                    0.7634211182594299,
                    -0.5458763241767883,
                    -0.34526389837265015,
                    -3.6751291751861572
                ],
                [
                    -0.6459010243415833,
                    -0.6451972126960754,
                    -0.40808382630348206,
                    -4.343810081481934
                ],
                [
                    0.0,
                    0.5345461964607239,
                    -0.8451392650604248,
                    -8.99600601196289
                ],
                [
                    0.0,
                    0.0,
                    0.0,
                    1.0
                ]
            ]
        },
        {
            "file_path": "./images/image4",
            "rotation": 1.2566370614359172,
            "transform_matrix": [
                [
                    -0.19097740948200226,
                    -0.29782432317733765,
                    -0.9353225827217102,
                    -9.955953598022461
                ],
                [
                    -0.981594443321228,
                    0.05794421210885048,
                    0.18197482824325562,
                    1.937014102935791
                ],
                [
                    0.0,
                    0.9528605341911316,
                    -0.3034087121486664,
                    -3.2296056747436523
                ],
                [
                    0.0,
                    0.0,
                    0.0,
                    1.0
                ]
            ]
        },
        {
            "file_path": "./images/image5",
            "rotation": 1.2566370614359172,
            "transform_matrix": [
                [
                    2.1258880877894626e-08,
                    0.6576223969459534,
                    -0.7533476948738098,
                    -8.018939018249512
                ],
                [
                    -1.0,
                    1.398031557187096e-08,
                    -1.601532773065628e-08,
                    -1.704736547480934e-07
                ],
                [
                    0.0,
                    0.7533477544784546,
                    0.6576223969459534,
                    7.0
                ],
                [
                    0.0,
                    0.0,
                    0.0,
                    1.0
                ]
            ]
        },
        {
            "file_path": "./images/image6",
            "rotation": 1.2566370614359172,
            "transform_matrix": [
                [
                    0.8208876848220825,
                    -0.25765326619148254,
                    0.5096648335456848,
                    5.425079822540283
                ],
                [
                    0.5710896849632263,
                    0.37035229802131653,
                    -0.7325952053070068,
                    -7.798041343688965
                ],
                [
                    0.0,
                    0.8924427032470703,
                    0.451160728931427,
                    4.802338123321533
                ],
                [
                    0.0,
                    0.0,
                    0.0,
                    1.0
                ]
            ]
        },
        {
            "file_path": "./images/image7",
            "rotation": 1.2566370614359172,
            "transform_matrix": [
                [
                    0.8450918197631836,
                    0.3720972537994385,
                    0.38387948274612427,
                    4.086169242858887
                ],
                [
                    0.5346212387084961,
                    -0.5881853699684143,
                    -0.6068098545074463,
                    -6.459130764007568
                ],
                [
                    1.4901161193847656e-08,
                    0.7180401086807251,
                    -0.6960017085075378,
                    -7.408524990081787
                ],
                [
                    0.0,
                    0.0,
                    0.0,
                    1.0
                ]
            ]
        },
        {
            "file_path": "./images/image8",
            "rotation": 1.2566370614359172,
            "transform_matrix": [
                [
                    -0.43071141839027405,
                    -0.7953763008117676,
                    -0.42645537853240967,
                    -4.539364337921143
                ],
                [
                    -0.9024897217750549,
                    0.37959176301956177,
                    0.20352499186992645,
                    2.166402816772461
                ],
                [
                    -1.4901161193847656e-08,
                    0.47253215312957764,
                    -0.8813134431838989,
                    -9.381058692932129
                ],
                [
                    0.0,
                    0.0,
                    0.0,
                    1.0
                ]
            ]
        },
        {
            "file_path": "./images/image9",
            "rotation": 1.2566370614359172,
            "transform_matrix": [
                [
                    -0.5852938890457153,
                    0.12269347906112671,
                    -0.8014844655990601,
                    -8.531327247619629
                ],
                [
                    -0.8108212947845459,
                    -0.08856667578220367,
                    0.578554093837738,
                    6.158365249633789
                ],
                [
                    0.0,
                    0.988484799861908,
                    0.15132001042366028,
                    1.6107118129730225
                ],
                [
                    0.0,
                    0.0,
                    0.0,
                    1.0
                ]
            ]
        },
        {
            "file_path": "./images/image10",
            "rotation": 1.2566370614359172,
            "transform_matrix": [
                [
                    -6.522096640537711e-09,
                    0.9748343229293823,
                    -0.2229304015636444,
                    -2.37296199798584
                ],
                [
                    -1.0,
                    -6.357963933112387e-09,
                    1.4539737192009738e-09,
                    1.547668837531546e-08
                ],
                [
                    0.0,
                    0.22293025255203247,
                    0.9748343229293823,
                    10.376533508300781
                ],
                [
                    0.0,
                    0.0,
                    0.0,
                    1.0
                ]
            ]
        },
        {
            "file_path": "./images/image11",
            "rotation": 1.2566370614359172,
            "transform_matrix": [
                [
                    0.4829367399215698,
                    -0.01764596253633499,
                    0.8754774332046509,
                    9.318938255310059
                ],
                [
                    0.8756552934646606,
                    0.009732007049024105,
                    -0.48283863067626953,
                    -5.139531135559082
                ],
                [
                    0.0,
                    0.999796986579895,
                    0.020151721313595772,
                    0.21450313925743103
                ],
                [
                    0.0,
                    0.0,
                    0.0,
                    1.0
                ]
            ]
        },
        {
            "file_path": "./images/image12",
            "rotation": 1.2566370614359172,
            "transform_matrix": [
                [
                    0.06443864107131958,
                    0.905352771282196,
                    0.41974279284477234,
                    4.4679131507873535
                ],
                [
                    0.9979217648506165,
                    -0.05846120044589043,
                    -0.027103984728455544,
                    -0.2885058522224426
                ],
                [
                    0.0,
                    0.42061692476272583,
                    -0.9072383046150208,
                    -9.657013893127441
                ],
                [
                    0.0,
                    0.0,
                    0.0,
                    1.0
                ]
            ]
        },
        {
            "file_path": "./images/image13",
            "rotation": 1.2566370614359172,
            "transform_matrix": [
                [
                    -0.9058825373649597,
                    -0.24600933492183685,
                    -0.3447553813457489,
                    -3.6697165966033936
                ],
                [
                    -0.4235290586948395,
                    0.5261871814727783,
                    0.7373942136764526,
                    7.849123954772949
                ],
                [
                    0.0,
                    0.8140064477920532,
                    -0.5808558464050293,
                    -6.182866096496582
                ],
                [
                    0.0,
                    0.0,
                    0.0,
                    1.0
                ]
            ]
        },
        {
            "file_path": "./images/image14",
            "rotation": 1.2566370614359172,
            "transform_matrix": [
                [
                    -0.9017482995986938,
                    0.23698723316192627,
                    -0.3615065813064575,
                    -3.8480234146118164
                ],
                [
                    -0.4322614073753357,
                    -0.494383305311203,
                    0.7541453838348389,
                    8.027430534362793
                ],
                [
                    1.4901159417490817e-08,
                    0.8363147377967834,
                    0.5482496619224548,
                    5.835792541503906
                ],
                [
                    0.0,
                    0.0,
                    0.0,
                    1.0
                ]
            ]
        },
        {
            "file_path": "./images/image15",
            "rotation": 1.2566370614359172,
            "transform_matrix": [
                [
                    -7.241669663926587e-08,
                    -0.9196928143501282,
                    0.3926387429237366,
                    4.179406642913818
                ],
                [
                    1.0,
                    -6.660111750989017e-08,
                    2.843360391580063e-08,
                    3.026588615284709e-07
                ],
                [
                    -1.7763568394002505e-15,
                    0.39263880252838135,
                    0.9196927547454834,
                    9.789584159851074
                ],
                [
                    0.0,
                    0.0,
                    0.0,
                    1.0
                ]
            ]
        },
        {
            "file_path": "./images/image16",
            "rotation": 1.2566370614359172,
            "transform_matrix": [
                [
                    0.05357254669070244,
                    0.4179535508155823,
                    0.906887412071228,
                    9.653279304504395
                ],
                [
                    0.9985639452934265,
                    -0.02242303639650345,
                    -0.048654135316610336,
                    -0.517894446849823
                ],
                [
                    0.0,
                    0.9081916809082031,
                    -0.4185545742511749,
                    -4.455265522003174
                ],
                [
                    0.0,
                    0.0,
                    0.0,
                    1.0
                ]
            ]
        },
        {
            "file_path": "./images/image17",
            "rotation": 1.2566370614359172,
            "transform_matrix": [
                [
                    -0.8855743408203125,
                    0.35856470465660095,
                    0.2952786087989807,
                    3.1430656909942627
                ],
                [
                    0.4644976854324341,
                    0.6836109161376953,
                    0.5629546642303467,
                    5.992319107055664
                ],
                [
                    0.0,
                    0.6356945037841797,
                    -0.7719407677650452,
                    -8.216852188110352
                ],
                [
                    0.0,
                    0.0,
                    0.0,
                    1.0
                ]
            ]
        },
        {
            "file_path": "./images/image18",
            "rotation": 1.2566370614359172,
            "transform_matrix": [
                [
                    -0.9913034439086914,
                    -0.007702463772147894,
                    -0.13137060403823853,
                    -1.3983622789382935
                ],
                [
                    -0.13159622251987457,
                    0.05802202224731445,
                    0.9896038770675659,
                    10.533746719360352
                ],
                [
                    0.0,
                    0.9982855319976807,
                    -0.05853104218840599,
                    -0.6230282783508301
                ],
                [
                    0.0,
                    0.0,
                    0.0,
                    1.0
                ]
            ]
        },
        {
            "file_path": "./images/image19",
            "rotation": 1.2566370614359172,
            "transform_matrix": [
                [
                    -0.9474977254867554,
                    -0.2352706789970398,
                    0.21655453741550446,
                    2.3050944805145264
                ],
                [
                    0.319762647151947,
                    -0.6971371173858643,
                    0.6416788101196289,
                    6.830289840698242
                ],
                [
                    0.0,
                    0.6772352457046509,
                    0.735766589641571,
                    7.831799030303955
                ],
                [
                    0.0,
                    0.0,
                    0.0,
                    1.0
                ]
            ]
        },
        {
            "file_path": "./images/image20",
            "rotation": 1.2566370614359172,
            "transform_matrix": [
                [
                    -1.1089618112691824e-08,
                    -0.513259768486023,
                    0.8582332730293274,
                    9.135384559631348
                ],
                [
                    1.0,
                    -5.691854543243835e-09,
                    9.517479249154803e-09,
                    1.0130792560403279e-07
                ],
                [
                    0.0,
                    0.8582332134246826,
                    0.513259768486023,
                    5.463346004486084
                ],
                [
                    0.0,
                    0.0,
                    0.0,
                    1.0
                ]
            ]
        },
        {
            "file_path": "./images/image21",
            "rotation": 1.2566370614359172,
            "transform_matrix": [
                [
                    -0.5638590455055237,
                    0.5759519338607788,
                    0.5918972492218018,
                    6.3003950119018555
                ],
                [
                    0.8258711099624634,
                    0.39322805404663086,
                    0.40411463379859924,
                    4.301560401916504
                ],
                [
                    0.0,
                    0.7166943550109863,
                    -0.6973873376846313,
                    -7.423274040222168
                ],
                [
                    0.0,
                    0.0,
                    0.0,
                    1.0
                ]
            ]
        },
        {
            "file_path": "./images/image22",
            "rotation": 1.2566370614359172,
            "transform_matrix": [
                [
                    -0.9980919361114502,
                    0.021104244515299797,
                    0.05802801996469498,
                    0.6176738739013672
                ],
                [
                    0.06174658611416817,
                    0.3411358892917633,
                    0.9379838109016418,
                    9.984281539916992
                ],
                [
                    0.0,
                    0.9397770166397095,
                    -0.34178805351257324,
                    -3.6381311416625977
                ],
                [
                    0.0,
                    0.0,
                    0.0,
                    1.0
                ]
            ]
        },
        {
            "file_path": "./images/image23",
            "rotation": 1.2566370614359172,
            "transform_matrix": [
                [
                    -0.9884920716285706,
                    -0.07354125380516052,
                    0.13219332695007324,
                    1.4071195125579834
                ],
                [
                    0.15127258002758026,
                    -0.48055604100227356,
                    0.8638185262680054,
                    9.194835662841797
                ],
                [
                    7.450580596923828e-09,
                    0.8738750219345093,
                    0.4861506521701813,
                    5.174785137176514
                ],
                [
                    0.0,
                    0.0,
                    0.0,
                    1.0
                ]
            ]
        },
        {
            "file_path": "./images/image24",
            "rotation": 1.2566370614359172,
            "transform_matrix": [
                [
                    -0.3706628680229187,
                    -0.5964969396591187,
                    0.7118992209434509,
                    7.577744483947754
                ],
                [
                    0.9287675023078918,
                    -0.23805664479732513,
                    0.2841126620769501,
                    3.0242106914520264
                ],
                [
                    0.0,
                    0.7664988040924072,
                    0.6422457098960876,
                    6.836324214935303
                ],
                [
                    0.0,
                    0.0,
                    0.0,
                    1.0
                ]
            ]
        },
        {
            "file_path": "./images/image25",
            "rotation": 1.2566370614359172,
            "transform_matrix": [
                [
                    -5.9122902129615795e-09,
                    0.08922097086906433,
                    0.9960117936134338,
                    10.60195541381836
                ],
                [
                    1.0,
                    5.275002656901506e-10,
                    5.888710408186171e-09,
                    6.268183483371104e-08
                ],
                [
                    -5.551115784870273e-17,
                    0.9960118532180786,
                    -0.08922097086906433,
                    -0.9497043490409851
                ],
                [
                    0.0,
                    0.0,
                    0.0,
                    1.0
                ]
            ]
        }
    ]
}