{
    "camera_angle_x": 0.6911112070083618,
    "w": 1920.0,
    "h": 1080.0,
    "aabb_scale": 16,
    "frames": [
        {
            "file_path": "./images/image1",
            "rotation": 0.20943951023931956,
            "transform_matrix": [
                [
                    0.16634786128997803,
                    0.7555452585220337,
                    -0.6336243748664856,
                    -9.428386688232422
                ],
                [
                    -0.9860671758651733,
                    0.12745919823646545,
                    -0.10689135640859604,
                    -1.590552806854248
                ],
                [
                    0.0,
                    0.6425772905349731,
                    0.7662208676338196,
                    11.401433944702148
                ],
                [
                    0.0,
                    0.0,
                    0.0,
                    1.0
                ]
            ]
        },
        {
            "file_path": "./images/image2",
            "rotation": 0.20943951023931956,
            "transform_matrix": [
                [
                    0.40064454078674316,
                    0.7576474547386169,
                    -0.5152226090431213,
                    -7.666558265686035
                ],
                [
                    -0.9162336587905884,
                    0.3312990069389343,
                    -0.2252930849790573,
                    -3.3523809909820557
                ],
                [
                    1.4901162970204496e-08,
                    0.5623266100883484,
                    0.8269151449203491,
                    12.304570198059082
                ],
                [
                    0.0,
                    0.0,
                    0.0,
                    1.0
                ]
            ]
        },
        {
            "file_path": "./images/image3",
            "rotation": 0.20943951023931956,
            "transform_matrix": [
                [
                    0.6674818396568298,
                    0.634026288986206,
                    -0.3904852271080017,
                    -5.810454845428467
                ],
                [
                    -0.7446261048316956,
                    0.5683403611183167,
                    -0.35003045201301575,
                    -5.208484172821045
                ],
                [
                    1.4901159417490817e-08,
                    0.5244044661521912,
                    0.8514692783355713,
                    12.669938087463379
                ],
                [
                    0.0,
                    0.0,
                    0.0,
                    1.0
                ]
            ]
        },
        {
            "file_path": "./images/image4",
            "rotation": 0.20943951023931956,
            "transform_matrix": [
                [
                    0.8736790418624878,
                    0.4080834686756134,
                    -0.2648638188838959,
                    -3.941196918487549
                ],
                [
                    -0.4865027666091919,
                    0.7328508496284485,
                    -0.47565189003944397,
                    -7.077742099761963
                ],
                [
                    0.0,
                    0.5444240570068359,
                    0.8388100862503052,
                    12.481568336486816
                ],
                [
                    0.0,
                    0.0,
                    0.0,
                    1.0
                ]
            ]
        },
        {
            "file_path": "./images/image5",
            "rotation": 0.20943951023931956,
            "transform_matrix": [
                [
                    0.9721470475196838,
                    0.18503448367118835,
                    -0.14384861290454865,
                    -2.1404800415039062
                ],
                [
                    -0.23437188565731049,
                    0.7675012946128845,
                    -0.5966671109199524,
                    -8.878458976745605
                ],
                [
                    7.450580596923828e-09,
                    0.6137621998786926,
                    0.7894909381866455,
                    11.747694969177246
                ],
                [
                    0.0,
                    0.0,
                    0.0,
                    1.0
                ]
            ]
        },
        {
            "file_path": "./images/image6",
            "rotation": 0.20943951023931956,
            "transform_matrix": [
                [
                    0.9989326596260071,
                    0.03259572386741638,
                    -0.03272857889533043,
                    -0.4870041608810425
                ],
                [
                    -0.04619135335087776,
                    0.7049139738082886,
                    -0.7077870965003967,
                    -10.53193473815918
                ],
                [
                    0.0,
                    0.7085434198379517,
                    0.7056671977043152,
                    10.50039005279541
                ],
                [
                    0.0,
                    0.0,
                    0.0,
                    1.0
                ]
            ]
        },
        {
            "file_path": "./images/image7",
            "rotation": 0.20943951023931956,
            "transform_matrix": [
                [
                    0.9968831539154053,
                    -0.04662536084651947,
                    0.063639797270298,
                    0.9469658136367798
                ],
                [
                    0.07889200001955032,
                    0.5891603231430054,
                    -0.8041555285453796,
                    -11.96590518951416
                ],
                [
                    -3.725290298461914e-09,
                    0.8066697716712952,
                    0.5910024046897888,
                    8.794168472290039
                ],
                [
                    0.0,
                    0.0,
                    0.0,
                    1.0
                ]
            ]
        },
        {
            "file_path": "./images/image8",
            "rotation": 0.20943951023931956,
            "transform_matrix": [
                [
                    0.9874415397644043,
                    -0.07117357105016708,
                    0.14104478061199188,
                    2.0987586975097656
                ],
                [
                    0.1579851508140564,
                    0.44485026597976685,
                    -0.8815604448318481,
                    -13.117697715759277
                ],
                [
                    0.0,
                    0.8927723169326782,
                    0.4505079984664917,
                    6.703598976135254
                ],
                [
                    0.0,
                    0.0,
                    0.0,
                    1.0
                ]
            ]
        },
        {
            "file_path": "./images/image9",
            "rotation": 0.20943951023931956,
            "transform_matrix": [
                [
                    0.9787766933441162,
                    -0.059496164321899414,
                    0.19610336422920227,
                    2.9180355072021484
                ],
                [
                    0.20493006706237793,
                    0.28416261076927185,
                    -0.9366190433502197,
                    -13.93697452545166
                ],
                [
                    -3.725290742551124e-09,
                    0.9569283127784729,
                    0.29032424092292786,
                    4.320050239562988
                ],
                [
                    0.0,
                    0.0,
                    0.0,
                    1.0
                ]
            ]
        },
        {
            "file_path": "./images/image10",
            "rotation": 0.20943951023931956,
            "transform_matrix": [
                [
                    0.9736641645431519,
                    -0.026777535676956177,
                    0.22640925645828247,
                    3.3689897060394287
                ],
                [
                    0.22798725962638855,
                    0.11435870081186295,
                    -0.9669249653816223,
                    -14.38792896270752
                ],
                [
                    0.0,
                    0.9930785894393921,
                    0.11745189875364304,
                    1.7476946115493774
                ],
                [
                    0.0,
                    0.0,
                    0.0,
                    1.0
                ]
            ]
        }
    ]
}
