{
    "camera_angle_x": 0.6911112070083618,
    "w": 1920.0,
    "h": 1080.0,
    "aabb_scale": 16,
    "frames": [
        {
            "file_path": "./images/image1",
            "rotation": 0.20943951023931956,
            "transform_matrix": [
                [
                    0.16634786128997803,
                    0.7555452585220337,
                    -0.6336243748664856,
                    -9.428386688232422
                ],
                [
                    -0.9860671758651733,
                    0.12745919823646545,
                    -0.10689135640859604,
                    -1.590552806854248
                ],
                [
                    0.0,
                    0.6425772905349731,
                    0.7662208676338196,
                    11.401433944702148
                ],
                [
                    0.0,
                    0.0,
                    0.0,
                    1.0
                ]
            ]
        },
        {
            "file_path": "./images/image2",
            "rotation": 0.20943951023931956,
            "transform_matrix": [
                [
                    0.40064454078674316,
                    0.7576474547386169,
                    -0.5152226090431213,
                    -7.666558265686035
                ],
                [
                    -0.9162336587905884,
                    0.3312990069389343,
                    -0.2252930849790573,
                    -3.3523809909820557
                ],
                [
                    1.4901162970204496e-08,
                    0.5623266100883484,
                    0.8269151449203491,
                    12.304570198059082
                ],
                [
                    0.0,
                    0.0,
                    0.0,
                    1.0
                ]
            ]
        },
        {
            "file_path": "./images/image3",
            "rotation": 0.20943951023931956,
            "transform_matrix": [
                [
                    0.6674818396568298,
                    0.634026288986206,
                    -0.3904852271080017,
                    -5.810454845428467
                ],
                [
                    -0.7446261048316956,
                    0.5683403611183167,
                    -0.35003045201301575,
                    -5.208484172821045
                ],
                [
                    1.4901159417490817e-08,
                    0.5244044661521912,
                    0.8514692783355713,
                    12.669938087463379
                ],
                [
                    0.0,
                    0.0,
                    0.0,
                    1.0
                ]
            ]
        },
        {
            "file_path": "./images/image4",
            "rotation": 0.20943951023931956,
            "transform_matrix": [
                [
                    0.8736790418624878,
                    0.4080834686756134,
                    -0.2648638188838959,
                    -3.941196918487549
                ],
                [
                    -0.4865027666091919,
                    0.7328508496284485,
                    -0.47565189003944397,
                    -7.077742099761963
                ],
                [
                    0.0,
                    0.5444240570068359,
                    0.8388100862503052,
                    12.481568336486816
                ],
                [
                    0.0,
                    0.0,
                    0.0,
                    1.0
                ]
            ]
        },
        {
            "file_path": "./images/image5",
            "rotation": 0.20943951023931956,
            "transform_matrix": [
                [
                    0.9721470475196838,
                    0.18503448367118835,
                    -0.14384861290454865,
                    -2.1404800415039062
                ],
                [
                    -0.23437188565731049,
                    0.7675012946128845,
                    -0.5966671109199524,
                    -8.878458976745605
                ],
                [
                    7.450580596923828e-09,
                    0.6137621998786926,
                    0.7894909381866455,
                    11.747694969177246
                ],
                [
                    0.0,
                    0.0,
                    0.0,
                    1.0
                ]
            ]
        },
        {
            "file_path": "./images/image6",
            "rotation": 0.20943951023931956,
            "transform_matrix": [
                [
                    0.9989326596260071,
                    0.03259572386741638,
                    -0.03272857889533043,
                    -0.4870041608810425
                ],
                [
                    -0.04619135335087776,
                    0.7049139738082886,
                    -0.7077870965003967,
                    -10.53193473815918
                ],
                [
                    0.0,
                    0.7085434198379517,
                    0.7056671977043152,
                    10.50039005279541
                ],
                [
                    0.0,
                    0.0,
                    0.0,
                    1.0
                ]
            ]
        },
        {
            "file_path": "./images/image7",
            "rotation": 0.20943951023931956,
            "transform_matrix": [
                [
                    0.9968831539154053,
                    -0.04662536084651947,
                    0.063639797270298,
                    0.9469658136367798
                ],
                [
                    0.07889200001955032,
                    0.5891603231430054,
                    -0.8041555285453796,
                    -11.96590518951416
                ],
                [
                    -3.725290298461914e-09,
                    0.8066697716712952,
                    0.5910024046897888,
                    8.794168472290039
                ],
                [
                    0.0,
                    0.0,
                    0.0,
                    1.0
                ]
            ]
        },
        {
            "file_path": "./images/image8",
            "rotation": 0.20943951023931956,
            "transform_matrix": [
                [
                    0.9874415397644043,
                    -0.07117357105016708,
                    0.14104478061199188,
                    2.0987586975097656
                ],
                [
                    0.1579851508140564,
                    0.44485026597976685,
                    -0.8815604448318481,
                    -13.117697715759277
                ],
                [
                    0.0,
                    0.8927723169326782,
                    0.4505079984664917,
                    6.703598976135254
                ],
                [
                    0.0,
                    0.0,
                    0.0,
                    1.0
                ]
            ]
        },
        {
            "file_path": "./images/image9",
            "rotation": 0.20943951023931956,
            "transform_matrix": [
                [
                    0.9787766933441162,
                    -0.059496164321899414,
                    0.19610336422920227,
                    2.9180355072021484
                ],
                [
                    0.20493006706237793,
                    0.28416261076927185,
                    -0.9366190433502197,
                    -13.93697452545166
                ],
                [
                    -3.725290742551124e-09,
                    0.9569283127784729,
                    0.29032424092292786,
                    4.320050239562988
                ],
                [
                    0.0,
                    0.0,
                    0.0,
                    1.0
                ]
            ]
        },
        {
            "file_path": "./images/image10",
            "rotation": 0.20943951023931956,
            "transform_matrix": [
                [
                    0.9736641645431519,
                    -0.026777535676956177,
                    0.22640925645828247,
                    3.3689897060394287
                ],
                [
                    0.22798725962638855,
                    0.11435870081186295,
                    -0.9669249653816223,
                    -14.38792896270752
                ],
                [
                    0.0,
                    0.9930785894393921,
                    0.11745189875364304,
                    1.7476946115493774
                ],
                [
                    0.0,
                    0.0,
                    0.0,
                    1.0
                ]
            ]
        },
        {
            "file_path": "./images/image11",
            "rotation": 0.20943951023931956,
            "transform_matrix": [
                [
                    0.9729390740394592,
                    0.01399164367467165,
                    0.23063792288303375,
                    3.431912660598755
                ],
                [
                    0.2310619354248047,
                    -0.05891501158475876,
                    -0.9711536765098572,
                    -14.450852394104004
                ],
                [
                    -9.313225746154785e-10,
                    0.9981649518013,
                    -0.0605536513030529,
                    -0.901043713092804
                ],
                [
                    0.0,
                    0.0,
                    0.0,
                    1.0
                ]
            ]
        },
        {
            "file_path": "./images/image12",
            "rotation": 0.20943951023931956,
            "transform_matrix": [
                [
                    0.9766880869865417,
                    0.050641871988773346,
                    0.2086045742034912,
                    3.1040544509887695
                ],
                [
                    0.21466360986232758,
                    -0.23041312396526337,
                    -0.9491203427314758,
                    -14.122994422912598
                ],
                [
                    0.0,
                    0.9717742204666138,
                    -0.2359127253293991,
                    -3.510402202606201
                ],
                [
                    0.0,
                    0.0,
                    0.0,
                    1.0
                ]
            ]
        },
        {
            "file_path": "./images/image13",
            "rotation": 0.20943951023931956,
            "transform_matrix": [
                [
                    0.9843824505805969,
                    0.0705864429473877,
                    0.16127215325832367,
                    2.3997437953948975
                ],
                [
                    0.1760430485010147,
                    -0.39469924569129944,
                    -0.9017879366874695,
                    -13.418684005737305
                ],
                [
                    -7.4505797087454084e-09,
                    0.9160950779914856,
                    -0.4009612798690796,
                    -5.966339111328125
                ],
                [
                    0.0,
                    0.0,
                    0.0,
                    1.0
                ]
            ]
        },
        {
            "file_path": "./images/image14",
            "rotation": 0.20943951023931956,
            "transform_matrix": [
                [
                    0.9940983653068542,
                    0.059501517564058304,
                    0.09070931375026703,
                    1.3497625589370728
                ],
                [
                    0.108483225107193,
                    -0.5452489256858826,
                    -0.8312250971794128,
                    -12.36870288848877
                ],
                [
                    0.0,
                    0.8361598253250122,
                    -0.5484859347343445,
                    -8.161519050598145
                ],
                [
                    0.0,
                    0.0,
                    0.0,
                    1.0
                ]
            ]
        },
        {
            "file_path": "./images/image15",
            "rotation": 0.20943951023931956,
            "transform_matrix": [
                [
                    1.0,
                    -6.8274781384047856e-09,
                    -7.523158096489624e-09,
                    -1.1194525484370388e-07
                ],
                [
                    -1.015934802950369e-08,
                    -0.6720389723777771,
                    -0.7405157685279846,
                    -11.018939971923828
                ],
                [
                    0.0,
                    0.7405157685279846,
                    -0.6720390915870667,
                    -10.000000953674316
                ],
                [
                    0.0,
                    0.0,
                    0.0,
                    1.0
                ]
            ]
        },
        {
            "file_path": "./images/image16",
            "rotation": 0.20943951023931956,
            "transform_matrix": [
                [
                    0.9860671758651733,
                    -0.12745921313762665,
                    -0.10689137130975723,
                    -1.5905530452728271
                ],
                [
                    -0.16634789109230042,
                    -0.7555451989173889,
                    -0.6336243748664856,
                    -9.428386688232422
                ],
                [
                    0.0,
                    0.6425772905349731,
                    -0.7662209272384644,
                    -11.401434898376465
                ],
                [
                    0.0,
                    0.0,
                    0.0,
                    1.0
                ]
            ]
        },
        {
            "file_path": "./images/image17",
            "rotation": 0.20943951023931956,
            "transform_matrix": [
                [
                    0.9162336587905884,
                    -0.3312990367412567,
                    -0.2252931147813797,
                    -3.352381467819214
                ],
                [
                    -0.40064457058906555,
                    -0.7576474547386169,
                    -0.5152226090431213,
                    -7.666558265686035
                ],
                [
                    0.0,
                    0.5623267889022827,
                    -0.8269152045249939,
                    -12.304571151733398
                ],
                [
                    0.0,
                    0.0,
                    0.0,
                    1.0
                ]
            ]
        },
        {
            "file_path": "./images/image18",
            "rotation": 0.20943951023931956,
            "transform_matrix": [
                [
                    0.7446260452270508,
                    -0.5683403611183167,
                    -0.3500305116176605,
                    -5.208485126495361
                ],
                [
                    -0.6674819588661194,
                    -0.6340261697769165,
                    -0.3904852271080017,
                    -5.810454845428467
                ],
                [
                    1.4901159417490817e-08,
                    0.5244045853614807,
                    -0.8514693379402161,
                    -12.669939041137695
                ],
                [
                    0.0,
                    0.0,
                    0.0,
                    1.0
                ]
            ]
        },
        {
            "file_path": "./images/image19",
            "rotation": 0.20943951023931956,
            "transform_matrix": [
                [
                    0.4865027070045471,
                    -0.7328509092330933,
                    -0.47565194964408875,
                    -7.077743053436279
                ],
                [
                    -0.8736790418624878,
                    -0.408083438873291,
                    -0.2648638188838959,
                    -3.941196918487549
                ],
                [
                    0.0,
                    0.5444240570068359,
                    -0.83881014585495,
                    -12.481569290161133
                ],
                [
                    0.0,
                    0.0,
                    0.0,
                    1.0
                ]
            ]
        },
        {
            "file_path": "./images/image20",
            "rotation": 0.20943951023931956,
            "transform_matrix": [
                [
                    0.2343718707561493,
                    -0.767501175403595,
                    -0.5966671705245972,
                    -8.878459930419922
                ],
                [
                    -0.9721470475196838,
                    -0.18503443896770477,
                    -0.14384861290454865,
                    -2.1404800415039062
                ],
                [
                    0.0,
                    0.6137623190879822,
                    -0.7894909381866455,
                    -11.747694969177246
                ],
                [
                    0.0,
                    0.0,
                    0.0,
                    1.0
                ]
            ]
        },
        {
            "file_path": "./images/image21",
            "rotation": 0.20943951023931956,
            "transform_matrix": [
                [
                    0.04619135335087776,
                    -0.7049139142036438,
                    -0.7077871561050415,
                    -10.531935691833496
                ],
                [
                    -0.9989326596260071,
                    -0.03259572014212608,
                    -0.03272857889533043,
                    -0.4870041608810425
                ],
                [
                    -1.862645371275562e-09,
                    0.7085434198379517,
                    -0.7056671977043152,
                    -10.50039005279541
                ],
                [
                    0.0,
                    0.0,
                    0.0,
                    1.0
                ]
            ]
        },
        {
            "file_path": "./images/image22",
            "rotation": 0.20943951023931956,
            "transform_matrix": [
                [
                    -0.07889200001955032,
                    -0.5891603231430054,
                    -0.8041555285453796,
                    -11.96590518951416
                ],
                [
                    -0.9968831539154053,
                    0.04662536084651947,
                    0.063639797270298,
                    0.9469658136367798
                ],
                [
                    -3.725290298461914e-09,
                    0.8066697716712952,
                    -0.5910024046897888,
                    -8.794168472290039
                ],
                [
                    0.0,
                    0.0,
                    0.0,
                    1.0
                ]
            ]
        },
        {
            "file_path": "./images/image23",
            "rotation": 0.20943951023931956,
            "transform_matrix": [
                [
                    -0.1579851508140564,
                    -0.44485026597976685,
                    -0.8815604448318481,
                    -13.117697715759277
                ],
                [
                    -0.9874415397644043,
                    0.07117357105016708,
                    0.14104478061199188,
                    2.0987586975097656
                ],
                [
                    0.0,
                    0.8927723169326782,
                    -0.4505079984664917,
                    -6.703598976135254
                ],
                [
                    0.0,
                    0.0,
                    0.0,
                    1.0
                ]
            ]
        },
        {
            "file_path": "./images/image24",
            "rotation": 0.20943951023931956,
            "transform_matrix": [
                [
                    -0.20493006706237793,
                    -0.28416261076927185,
                    -0.9366190433502197,
                    -13.93697452545166
                ],
                [
                    -0.9787766933441162,
                    0.059496164321899414,
                    0.19610336422920227,
                    2.9180355072021484
                ],
                [
                    -3.725290742551124e-09,
                    0.9569283127784729,
                    -0.29032424092292786,
                    -4.320050239562988
                ],
                [
                    0.0,
                    0.0,
                    0.0,
                    1.0
                ]
            ]
        },
        {
            "file_path": "./images/image25",
            "rotation": 0.20943951023931956,
            "transform_matrix": [
                [
                    -0.22798725962638855,
                    -0.11435870081186295,
                    -0.9669249653816223,
                    -14.38792896270752
                ],
                [
                    -0.9736641645431519,
                    0.026777535676956177,
                    0.22640925645828247,
                    3.3689897060394287
                ],
                [
                    0.0,
                    0.9930785894393921,
                    -0.11745189875364304,
                    -1.7476946115493774
                ],
                [
                    0.0,
                    0.0,
                    0.0,
                    1.0
                ]
            ]
        },
        {
            "file_path": "./images/image26",
            "rotation": 0.20943951023931956,
            "transform_matrix": [
                [
                    -0.2310619354248047,
                    0.05891501158475876,
                    -0.9711536765098572,
                    -14.450852394104004
                ],
                [
                    -0.9729390740394592,
                    -0.01399164367467165,
                    0.23063792288303375,
                    3.431912660598755
                ],
                [
                    -9.313225746154785e-10,
                    0.9981649518013,
                    0.0605536513030529,
                    0.901043713092804
                ],
                [
                    0.0,
                    0.0,
                    0.0,
                    1.0
                ]
            ]
        },
        {
            "file_path": "./images/image27",
            "rotation": 0.20943951023931956,
            "transform_matrix": [
                [
                    -0.21466360986232758,
                    0.23041312396526337,
                    -0.9491203427314758,
                    -14.122994422912598
                ],
                [
                    -0.9766880869865417,
                    -0.050641871988773346,
                    0.2086045742034912,
                    3.1040544509887695
                ],
                [
                    0.0,
                    0.9717742204666138,
                    0.2359127253293991,
                    3.510402202606201
                ],
                [
                    0.0,
                    0.0,
                    0.0,
                    1.0
                ]
            ]
        },
        {
            "file_path": "./images/image28",
            "rotation": 0.20943951023931956,
            "transform_matrix": [
                [
                    -0.1760430485010147,
                    0.39469924569129944,
                    -0.9017879366874695,
                    -13.418684005737305
                ],
                [
                    -0.9843824505805969,
                    -0.0705864429473877,
                    0.16127215325832367,
                    2.3997437953948975
                ],
                [
                    -7.4505797087454084e-09,
                    0.9160950779914856,
                    0.4009612798690796,
                    5.966339111328125
                ],
                [
                    0.0,
                    0.0,
                    0.0,
                    1.0
                ]
            ]
        },
        {
            "file_path": "./images/image29",
            "rotation": 0.20943951023931956,
            "transform_matrix": [
                [
                    -0.108483225107193,
                    0.5452489256858826,
                    -0.8312250971794128,
                    -12.36870288848877
                ],
                [
                    -0.9940983653068542,
                    -0.059501517564058304,
                    0.09070931375026703,
                    1.3497625589370728
                ],
                [
                    0.0,
                    0.8361598253250122,
                    0.5484859347343445,
                    8.161519050598145
                ],
                [
                    0.0,
                    0.0,
                    0.0,
                    1.0
                ]
            ]
        },
        {
            "file_path": "./images/image30",
            "rotation": 0.20943951023931956,
            "transform_matrix": [
                [
                    1.015934802950369e-08,
                    0.6720389723777771,
                    -0.7405157685279846,
                    -11.018939971923828
                ],
                [
                    -1.0,
                    6.8274781384047856e-09,
                    -7.523158096489624e-09,
                    -1.1194525484370388e-07
                ],
                [
                    0.0,
                    0.7405157685279846,
                    0.6720390915870667,
                    10.000000953674316
                ],
                [
                    0.0,
                    0.0,
                    0.0,
                    1.0
                ]
            ]
        },
        {
            "file_path": "./images/image31",
            "rotation": 0.20943951023931956,
            "transform_matrix": [
                [
                    0.9296501874923706,
                    0.36386194825172424,
                    -0.05792354419827461,
                    -0.8619074821472168
                ],
                [
                    -0.3684435784816742,
                    0.9180899262428284,
                    -0.14615164697170258,
                    -2.1747493743896484
                ],
                [
                    0.0,
                    0.15721136331558228,
                    0.9875650405883789,
                    14.69505500793457
                ],
                [
                    0.0,
                    0.0,
                    0.0,
                    1.0
                ]
            ]
        },
        {
            "file_path": "./images/image32",
            "rotation": 0.20943951023931956,
            "transform_matrix": [
                [
                    0.958561360836029,
                    -0.2715003788471222,
                    0.0863000750541687,
                    1.284152865409851
                ],
                [
                    0.28488627076148987,
                    0.9135217070579529,
                    -0.2903752624988556,
                    -4.320809841156006
                ],
                [
                    0.0,
                    0.30292829871177673,
                    0.9530133605003357,
                    14.180924415588379
                ],
                [
                    0.0,
                    0.0,
                    0.0,
                    1.0
                ]
            ]
        },
        {
            "file_path": "./images/image33",
            "rotation": 0.20943951023931956,
            "transform_matrix": [
                [
                    0.8867214918136597,
                    -0.40535300970077515,
                    0.2222924530506134,
                    3.3077313899993896
                ],
                [
                    0.462304025888443,
                    0.7774866819381714,
                    -0.4263676702976227,
                    -6.344388484954834
                ],
                [
                    0.0,
                    0.4808362126350403,
                    0.876810610294342,
                    13.047019004821777
                ],
                [
                    0.0,
                    0.0,
                    0.0,
                    1.0
                ]
            ]
        },
        {
            "file_path": "./images/image34",
            "rotation": 0.20943951023931956,
            "transform_matrix": [
                [
                    0.8469591736793518,
                    -0.40527597069740295,
                    0.34411001205444336,
                    5.120388031005859
                ],
                [
                    0.5316581130027771,
                    0.6456257700920105,
                    -0.5481852293014526,
                    -8.157045364379883
                ],
                [
                    1.4901162970204496e-08,
                    0.6472392678260803,
                    0.7622868418693542,
                    11.342896461486816
                ],
                [
                    0.0,
                    0.0,
                    0.0,
                    1.0
                ]
            ]
        },
        {
            "file_path": "./images/image35",
            "rotation": 0.20943951023931956,
            "transform_matrix": [
                [
                    0.8245106935501099,
                    -0.3476829528808594,
                    0.4464288651943207,
                    6.6429009437561035
                ],
                [
                    0.5658464431762695,
                    0.5066186189651489,
                    -0.6505040526390076,
                    -9.679557800292969
                ],
                [
                    0.0,
                    0.7889576554298401,
                    0.6144475936889648,
                    9.143034934997559
                ],
                [
                    0.0,
                    0.0,
                    0.0,
                    1.0
                ]
            ]
        },
        {
            "file_path": "./images/image36",
            "rotation": 0.20943951023931956,
            "transform_matrix": [
                [
                    0.8115325570106506,
                    -0.2569514513015747,
                    0.5247770547866821,
                    7.8087286949157715
                ],
                [
                    0.5843073129653931,
                    0.3568746745586395,
                    -0.7288522124290466,
                    -10.845385551452637
                ],
                [
                    -1.4901161193847656e-08,
                    0.898118257522583,
                    0.43975403904914856,
                    6.5435791015625
                ],
                [
                    0.0,
                    0.0,
                    0.0,
                    1.0
                ]
            ]
        },
        {
            "file_path": "./images/image37",
            "rotation": 0.20943951023931956,
            "transform_matrix": [
                [
                    0.8044954538345337,
                    -0.14601948857307434,
                    0.5757303237915039,
                    8.566919326782227
                ],
                [
                    0.5939589142799377,
                    0.19777801632881165,
                    -0.7798055410385132,
                    -11.60357666015625
                ],
                [
                    7.450581485102248e-09,
                    0.9693101048469543,
                    0.24584107100963593,
                    3.658137321472168
                ],
                [
                    0.0,
                    0.0,
                    0.0,
                    1.0
                ]
            ]
        },
        {
            "file_path": "./images/image38",
            "rotation": 0.20943951023931956,
            "transform_matrix": [
                [
                    0.8018175959587097,
                    -0.024610105901956558,
                    0.5970619916915894,
                    8.884336471557617
                ],
                [
                    0.5975689888000488,
                    0.03302181512117386,
                    -0.8011372089385986,
                    -11.92099380493164
                ],
                [
                    0.0,
                    0.9991515874862671,
                    0.0411837063729763,
                    0.6128172874450684
                ],
                [
                    0.0,
                    0.0,
                    0.0,
                    1.0
                ]
            ]
        },
        {
            "file_path": "./images/image39",
            "rotation": 0.20943951023931956,
            "transform_matrix": [
                [
                    0.8029573559761047,
                    0.09850908815860748,
                    0.587839663028717,
                    8.74710750579834
                ],
                [
                    0.5960364937782288,
                    -0.1327076405286789,
                    -0.7919148802757263,
                    -11.783764839172363
                ],
                [
                    0.0,
                    0.9862477779388428,
                    -0.16527357697486877,
                    -2.4592857360839844
                ],
                [
                    0.0,
                    0.0,
                    0.0,
                    1.0
                ]
            ]
        },
        {
            "file_path": "./images/image40",
            "rotation": 0.20943951023931956,
            "transform_matrix": [
                [
                    0.8081414699554443,
                    0.21469081938266754,
                    0.5484663844108582,
                    8.161229133605957
                ],
                [
                    0.5889885425567627,
                    -0.29457369446754456,
                    -0.7525416016578674,
                    -11.19788646697998
                ],
                [
                    0.0,
                    0.9312004446983337,
                    -0.36450761556625366,
                    -5.423906326293945
                ],
                [
                    0.0,
                    0.0,
                    0.0,
                    1.0
                ]
            ]
        },
        {
            "file_path": "./images/image41",
            "rotation": 0.20943951023931956,
            "transform_matrix": [
                [
                    0.8184751868247986,
                    0.3147403299808502,
                    0.4806629419326782,
                    7.152307987213135
                ],
                [
                    0.5745418667793274,
                    -0.44836971163749695,
                    -0.6847380995750427,
                    -10.18896484375
                ],
                [
                    1.4901161193847656e-08,
                    0.8366021513938904,
                    -0.5478109121322632,
                    -8.15147590637207
                ],
                [
                    0.0,
                    0.0,
                    0.0,
                    1.0
                ]
            ]
        },
        {
            "file_path": "./images/image42",
            "rotation": 0.20943951023931956,
            "transform_matrix": [
                [
                    0.8365393877029419,
                    0.3874644935131073,
                    0.38739269971847534,
                    5.764438152313232
                ],
                [
                    0.5479068160057068,
                    -0.5915774703025818,
                    -0.5914678573608398,
                    -8.801095008850098
                ],
                [
                    0.0,
                    0.707041323184967,
                    -0.7071722745895386,
                    -10.522787094116211
                ],
                [
                    0.0,
                    0.0,
                    0.0,
                    1.0
                ]
            ]
        },
        {
            "file_path": "./images/image43",
            "rotation": 0.20943951023931956,
            "transform_matrix": [
                [
                    0.8680307865142822,
                    0.41489750146865845,
                    0.2727319896221161,
                    4.058276653289795
                ],
                [
                    0.49651050567626953,
                    -0.7253497838973999,
                    -0.4768071472644806,
                    -7.09493350982666
                ],
                [
                    0.0,
                    0.5492974519729614,
                    -0.8356267809867859,
                    -12.434202194213867
                ],
                [
                    0.0,
                    0.0,
                    0.0,
                    1.0
                ]
            ]
        },
        {
            "file_path": "./images/image44",
            "rotation": 0.20943951023931956,
            "transform_matrix": [
                [
                    0.925320029258728,
                    0.3517189621925354,
                    0.14169205725193024,
                    2.1083905696868896
                ],
                [
                    0.3791871666908264,
                    -0.8582901358604431,
                    -0.34576722979545593,
                    -5.145047664642334
                ],
                [
                    0.0,
                    0.37367314100265503,
                    -0.9275604486465454,
                    -13.802183151245117
                ],
                [
                    0.0,
                    0.0,
                    0.0,
                    1.0
                ]
            ]
        },
        {
            "file_path": "./images/image45",
            "rotation": 0.20943951023931956,
            "transform_matrix": [
                [
                    1.0,
                    -1.5453609591986606e-07,
                    -3.2214931167118266e-08,
                    -4.793610628439637e-07
                ],
                [
                    -1.5785819584834826e-07,
                    -0.9789552092552185,
                    -0.2040751576423645,
                    -3.036656618118286
                ],
                [
                    3.5527132552840273e-15,
                    0.204075425863266,
                    -0.9789552688598633,
                    -14.56694221496582
                ],
                [
                    0.0,
                    0.0,
                    0.0,
                    1.0
                ]
            ]
        },
        {
            "file_path": "./images/image46",
            "rotation": 0.20943951023931956,
            "transform_matrix": [
                [
                    0.36844345927238464,
                    -0.9180899858474731,
                    -0.14615166187286377,
