{
    "camera_angle_x": 0.6911112070083618,
    "w": 256,
    "h": 256,
    "focus": 50,
    "aabb_scale": 16,
    "frames": [
        {
            "file_path": "./screenshot1",
            "rotation": 0.05235987755982989,
            "transform_matrix": [
                [
                    0.034095607697963715,
                    0.6842023730278015,
                    -0.7284947633743286,
                    -7.75439453125
                ],
                [
                    -0.9994186162948608,
                    0.023341868072748184,
                    -0.024852922186255455,
                    -0.26454460620880127
                ],
                [
                    0.0,
                    0.7289186716079712,
                    0.6846003532409668,
                    7.287164688110352
                ],
                [
                    0.0,
                    0.0,
                    0.0,
                    1.0
                ]
            ]
        },
        {
            "file_path": "./screenshot2",
            "rotation": 0.05235987755982989,
            "transform_matrix": [
                [
                    0.07192337512969971,
                    0.7078639268875122,
                    -0.7026774883270264,
                    -7.47958517074585
                ],
                [
                    -0.9974101781845093,
                    0.05104415491223335,
                    -0.050670161843299866,
                    -0.5393537878990173
                ],
                [
                    0.0,
                    0.7045021057128906,
                    0.7097018957138062,
                    7.554355621337891
                ],
                [
                    0.0,
                    0.0,
                    0.0,
                    1.0
                ]
            ]
        },
        {
            "file_path": "./screenshot3",
            "rotation": 0.05235987755982989,
            "transform_matrix": [
                [
                    0.11373172700405121,
                    0.7281030416488647,
                    -0.675966739654541,
                    -7.19526481628418
                ],
                [
                    -0.9935114979743958,
                    0.08334923535585403,
                    -0.0773809552192688,
                    -0.8236743211746216
                ],
                [
                    0.0,
                    0.6803814172744751,
                    0.7328581809997559,
                    7.800840377807617
                ],
                [
                    0.0,
                    0.0,
                    0.0,
                    1.0
                ]
            ]
        },
        {
            "file_path": "./screenshot4",
            "rotation": 0.05235987755982989,
            "transform_matrix": [
                [
                    0.1597156971693039,
                    0.744326651096344,
                    -0.6484355926513672,
                    -6.902212142944336
                ],
                [
                    -0.9871630668640137,
                    0.12042655050754547,
                    -0.10491208732128143,
                    -1.1167268753051758
                ],
                [
                    0.0,
                    0.6568677425384521,
                    0.7540057301521301,
                    8.025943756103516
                ],
                [
                    0.0,
                    0.0,
                    0.0,
                    1.0
                ]
            ]
        },
        {
            "file_path": "./screenshot5",
            "rotation": 0.05235987755982989,
            "transform_matrix": [
                [
                    0.20997637510299683,
                    0.7558518052101135,
                    -0.6201596260070801,
                    -6.601230621337891
                ],
                [
                    -0.9777065515518188,
                    0.16232992708683014,
                    -0.13318811357021332,
                    -1.4177082777023315
                ],
                [
                    -1.4901161193847656e-08,
                    0.6343004107475281,
                    0.7730867266654968,
                    8.229048728942871
                ],
                [
                    0.0,
                    0.0,
                    0.0,
                    1.0
                ]
            ]
        },
        {
            "file_path": "./screenshot6",
            "rotation": 0.05235987755982989,
            "transform_matrix": [
                [
                    0.2644695043563843,
                    0.7619181871414185,
                    -0.5912161469459534,
                    -6.293145179748535
                ],
                [
                    -0.9643940329551697,
                    0.20894376933574677,
                    -0.16213148832321167,
                    -1.725793480873108
                ],
                [
                    0.0,
                    0.613044261932373,
                    0.7900485992431641,
                    8.409598350524902
                ],
                [
                    0.0,
                    0.0,
                    0.0,
                    1.0
                ]
            ]
        },
        {
            "file_path": "./screenshot7",
            "rotation": 0.05235987755982989,
            "transform_matrix": [
                [
                    0.32294484972953796,
                    0.7617196440696716,
                    -0.5616847276687622,
                    -5.9788007736206055
                ],
                [
                    -0.9464178085327148,
                    0.25992056727409363,
                    -0.19166292250156403,
                    -2.040138006210327
                ],
                [
                    0.0,
                    0.5934849381446838,
                    0.8048450350761414,
                    8.567097663879395
                ],
                [
                    0.0,
                    0.0,
                    0.0,
                    1.0
                ]
            ]
        },
        {
            "file_path": "./screenshot8",
            "rotation": 0.05235987755982989,
            "transform_matrix": [
                [
                    0.38488489389419556,
                    0.7544640302658081,
                    -0.5316462516784668,
                    -5.659058570861816
                ],
                [
                    -0.9229646325111389,
                    0.3146185576915741,
                    -0.2217014580965042,
                    -2.3598804473876953
                ],
                [
                    0.0,
                    0.5760201215744019,
                    0.8174355030059814,
                    8.701115608215332
                ],
                [
                    0.0,
                    0.0,
                    0.0,
                    1.0
                ]
            ]
        },
        {
            "file_path": "./screenshot9",
            "rotation": 0.05235987755982989,
            "transform_matrix": [
                [
                    0.449455589056015,
                    0.7394629120826721,
                    -0.5011829137802124,
                    -5.334794521331787
                ],
                [
                    -0.8933026790618896,
                    0.37205278873443604,
                    -0.252164751291275,
                    -2.6841442584991455
                ],
                [
                    1.4901161193847656e-08,
                    0.5610448718070984,
                    0.8277853727340698,
                    8.811284065246582
                ],
                [
                    0.0,
                    0.0,
                    0.0,
                    1.0
                ]
            ]
        },
        {
            "file_path": "./screenshot10",
            "rotation": 0.05235987755982989,
            "transform_matrix": [
                [
                    0.5154898166656494,
                    0.7162503600120544,
                    -0.4703783094882965,
                    -5.006897926330566
                ],
                [
                    -0.8568958044052124,
                    0.4308805763721466,
                    -0.28296932578086853,
                    -3.012040615081787
                ],
                [
                    0.0,
                    0.5489328503608704,
                    0.835866391658783,
                    8.89730167388916
                ],
                [
                    0.0,
                    0.0,
                    0.0,
                    1.0
                ]
            ]
        },
        {
            "file_path": "./screenshot11",
            "rotation": 0.05235987755982989,
            "transform_matrix": [
                [
                    0.5815237760543823,
                    0.6847121119499207,
                    -0.43931689858436584,
                    -4.676267623901367
                ],
                [
                    -0.813529372215271,
                    0.4894431531429291,
                    -0.3140307366847992,
                    -3.3426709175109863
                ],
                [
                    0.0,
                    0.5400135517120361,
                    0.8416563272476196,
                    8.958931922912598
                ],
                [
                    0.0,
                    0.0,
                    0.0,
                    1.0
                ]
            ]
        },
        {
            "file_path": "./screenshot12",
            "rotation": 0.05235987755982989,
            "transform_matrix": [
                [
                    0.645901083946228,
                    0.6451971530914307,
                    -0.4080837666988373,
                    -4.343809604644775
                ],
                [
                    -0.7634211182594299,
                    0.5458763241767883,
                    -0.34526386857032776,
                    -3.675128936767578
                ],
                [
                    0.0,
                    0.5345461368560791,
                    0.8451393842697144,
                    8.996006965637207
                ],
                [
                    0.0,
                    0.0,
                    0.0,
                    1.0
                ]
            ]
        },
        {
            "file_path": "./screenshot13",
            "rotation": 0.05235987755982989,
            "transform_matrix": [
                [
                    0.7069364190101624,
                    0.5985727906227112,
                    -0.37676456570625305,
                    -4.010435104370117
                ],
                [
                    -0.7072771191596985,
                    0.5982844233512878,
                    -0.376583069562912,
                    -4.008503437042236
                ],
                [
                    -1.4901161193847656e-08,
                    0.532697319984436,
                    0.8463058471679688,
                    9.008423805236816
                ],
                [
                    0.0,
                    0.0,
                    0.0,
                    1.0
                ]
            ]
        },
        {
            "file_path": "./screenshot14",
            "rotation": 0.05235987755982989,
            "transform_matrix": [
                [
                    0.7631123661994934,
                    0.5461933612823486,
                    -0.34544506669044495,
                    -3.677057981491089
                ],
                [
                    -0.6462658047676086,
                    0.6449465751647949,
                    -0.40790247917175293,
                    -4.3418803215026855
                ],
                [
                    -1.4901161193847656e-08,
                    0.5345248579978943,
                    0.845152735710144,
                    8.996150016784668
                ],
                [
                    0.0,
                    0.0,
                    0.0,
                    1.0
                ]
            ]
        },
        {
            "file_path": "./screenshot15",
            "rotation": 0.05235987755982989,
            "transform_matrix": [
                [
                    0.813258171081543,
                    0.4897780418395996,
                    -0.3142112195491791,
                    -3.3445920944213867
                ],
                [
                    -0.5819031000137329,
                    0.6845056414604187,
                    -0.4391363859176636,
                    -4.674346446990967
                ],
                [
                    0.0,
                    0.5399717092514038,
                    0.8416830897331238,
                    8.95921802520752
                ],
                [
                    0.0,
                    0.0,
                    0.0,
                    1.0
                ]
            ]
        },
        {
            "file_path": "./screenshot16",
            "rotation": 0.05235987755982989,
            "transform_matrix": [
                [
                    0.8566646575927734,
                    0.43122220039367676,
                    -0.28314855694770813,
                    -3.013948440551758
                ],
                [
                    -0.5158737301826477,
                    0.716091513633728,
                    -0.4701990783214569,
                    -5.004990100860596
                ],
                [
                    0.0,
                    0.5488718152046204,
                    0.8359065055847168,
                    8.89772891998291
                ],
                [
                    0.0,
                    0.0,
                    0.0,
                    1.0
                ]
            ]
        },
        {
            "file_path": "./screenshot17",
            "rotation": 0.05235987755982989,
            "transform_matrix": [
                [
                    0.8931117057800293,
                    0.3723909854888916,
                    -0.25234225392341614,
                    -2.6860334873199463
                ],
                [
                    -0.4498351514339447,
                    0.7393524646759033,
                    -0.5010053515434265,
                    -5.332904815673828
                ],
                [
                    0.0,
                    0.5609661340713501,
                    0.8278387784957886,
                    8.81185245513916
                ],
                [
                    0.0,
                    0.0,
                    0.0,
                    1.0
                ]
            ]
        },
        {
            "file_path": "./screenshot18",
            "rotation": 0.05235987755982989,
            "transform_matrix": [
                [
                    0.9228113889694214,
                    0.31494447588920593,
                    -0.22187672555446625,
                    -2.361746072769165
                ],
                [
                    -0.3852522373199463,
                    0.7544000744819641,
                    -0.5314708948135376,
                    -5.657192230224609
                ],
                [
                    0.0,
                    0.5759258270263672,
                    0.817501962184906,
                    8.701823234558105
                ],
                [
                    0.0,
                    0.0,
                    0.0,
                    1.0
                ]
            ]
        },
        {
            "file_path": "./screenshot19",
            "rotation": 0.05235987755982989,
            "transform_matrix": [
                [
                    0.9462984800338745,
                    0.2602274417877197,
                    -0.19183547794818878,
                    -2.0419747829437256
                ],
                [
                    -0.3232942521572113,
                    0.7616987824440002,
                    -0.5615121126174927,
                    -5.976963520050049
                ],
                [
                    -1.4901161193847656e-08,
                    0.5933773517608643,
                    0.8049244284629822,
                    8.56794261932373
                ],
                [
                    0.0,
                    0.0,
                    0.0,
                    1.0
                ]
            ]
        },
        {
            "file_path": "./screenshot20",
            "rotation": 0.05235987755982989,
            "transform_matrix": [
                [
                    0.9643042087554932,
                    0.20922687649726868,
                    -0.16230086982250214,
                    -1.727596402168274
                ],
                [
                    -0.26479700207710266,
                    0.7619359493255615,
                    -0.5910467505455017,
                    -6.291341781616211
                ],
                [
                    0.0,
                    0.61292564868927,
                    0.7901405692100525,
                    8.410577774047852
                ],
                [
                    0.0,
                    0.0,
                    0.0,
                    1.0
                ]
            ]
        },
        {
            "file_path": "./screenshot21",
            "rotation": 0.05235987755982989,
            "transform_matrix": [
                [
                    0.977641224861145,
                    0.1625864952802658,
                    -0.1333538293838501,
                    -1.4194724559783936
                ],
                [
                    -0.21027985215187073,
                    0.7559034824371338,
                    -0.6199938058853149,
                    -6.599465847015381
                ],
                [
                    0.0,
                    0.6341730952262878,
                    0.7731911540031433,
                    8.2301607131958
                ],
                [
                    0.0,
                    0.0,
                    0.0,
                    1.0
                ]
            ]
        },
        {
            "file_path": "./screenshot22",
            "rotation": 0.05235987755982989,
            "transform_matrix": [
                [
                    0.9871180057525635,
                    0.12065532058477402,
                    -0.1050737276673317,
                    -1.1184475421905518
                ],
                [
                    -0.15999437868595123,
                    0.7444076538085938,
                    -0.6482738256454468,
                    -6.900490760803223
                ],
                [
                    0.0,
                    0.6567338109016418,
                    0.7541223168373108,
                    8.027185440063477
                ],
                [
                    0.0,
                    0.0,
                    0.0,
                    1.0
                ]
            ]
        },
        {
            "file_path": "./screenshot23",
            "rotation": 0.05235987755982989,
            "transform_matrix": [
                [
                    0.9934824705123901,
                    0.08355007320642471,
                    -0.07753805816173553,
                    -0.8253466486930847
                ],
                [
                    -0.1139858216047287,
                    0.7282093167304993,
                    -0.6758095026016235,
                    -7.193591594696045
                ],
                [
                    3.725290742551124e-09,
                    0.6802430748939514,
                    0.732986569404602,
                    7.802207946777344
                ],
                [
                    0.0,
                    0.0,
                    0.0,
                    1.0
                ]
            ]
        },
        {
            "file_path": "./screenshot24",
            "rotation": 0.05235987755982989,
            "transform_matrix": [
                [
                    0.9973936080932617,
                    0.051217734813690186,
                    -0.050822291523218155,
                    -0.5409731864929199
                ],
                [
                    -0.072153739631176,
                    0.7079915404319763,
                    -0.70252525806427,
                    -7.477964878082275
                ],
                [
                    0.0,
                    0.7043612003326416,
                    0.7098417282104492,
                    7.555844783782959
                ],
                [
                    0.0,
                    0.0,
                    0.0,
                    1.0
                ]
            ]
        },
        {
            "file_path": "./screenshot25",
            "rotation": 0.05235987755982989,
            "transform_matrix": [
                [
                    0.9994114637374878,
                    0.023489436134696007,
                    -0.024999668821692467,
                    -0.26610666513442993
                ],
                [
                    -0.03430359810590744,
                    0.6843483448028564,
                    -0.728347897529602,
                    -7.75283145904541
                ],
                [
                    0.0,
                    0.7287768125534058,
                    0.6847512722015381,
                    7.288771629333496
                ],
                [
                    0.0,
                    0.0,
                    0.0,
                    1.0
                ]
            ]
        },
        {
            "file_path": "./screenshot26",
            "rotation": 0.05235987755982989,
            "transform_matrix": [
                [
                    1.0,
                    0.0001231025962624699,
                    -0.00014096069207880646,
                    -0.0015004429733380675
                ],
                [
                    -0.00018714745237957686,
                    0.6577839851379395,
                    -0.7532066106796265,
                    -8.017437934875488
                ],
                [
                    -7.275957614183426e-12,
                    0.7532066702842712,
                    0.6577839851379395,
                    7.001720428466797
                ],
                [
                    0.0,
                    0.0,
                    0.0,
                    1.0
                ]
            ]
        },
        {
            "file_path": "./screenshot27",
            "rotation": 0.05235987755982989,
            "transform_matrix": [
                [
                    0.9995357990264893,
                    -0.019164830446243286,
                    0.023685695603489876,
                    0.2521201968193054
                ],
                [
                    0.030468065291643143,
                    0.6287217140197754,
                    -0.7770333290100098,
                    -8.271059036254883
                ],
                [
                    9.313225746154785e-10,
                    0.7773942351341248,
                    0.62901371717453,
                    6.6954779624938965
                ],
                [
                    0.0,
                    0.0,
                    0.0,
                    1.0
                ]
            ]
        },
        {
            "file_path": "./screenshot28",
            "rotation": 0.05235987755982989,
            "transform_matrix": [
                [
                    0.9983202219009399,
                    -0.034677304327487946,
                    0.046414997428655624,
                    0.49406012892723083
                ],
                [
                    0.05793848633766174,
                    0.5975139737129211,
                    -0.7997625470161438,
                    -8.512998580932617
                ],
                [
                    0.0,
                    0.8011083006858826,
                    0.5985193848609924,
                    6.370883941650391
                ],
                [
                    0.0,
                    0.0,
                    0.0,
                    1.0
                ]
            ]
        },
        {
            "file_path": "./screenshot29",
            "rotation": 0.05235987755982989,
            "transform_matrix": [
                [
                    0.9965918064117432,
                    -0.046721916645765305,
                    0.06798464059829712,
                    0.723656177520752
                ],
                [
                    0.08249150961637497,
                    0.564454197883606,
                    -0.8213322162628174,
                    -8.742594718933105
                ],
                [
                    0.0,
                    0.8241410851478577,
                    0.5663845539093018,
                    6.028827667236328
                ],
                [
                    0.0,
                    0.0,
                    0.0,
                    1.0
                ]
            ]
        },
        {
            "file_path": "./screenshot30",
            "rotation": 0.05235987755982989,
            "transform_matrix": [
                [
                    0.9945377111434937,
                    -0.05560174584388733,
                    0.08833549916744232,
                    0.9402790665626526
                ],
                [
                    0.10437775403261185,
                    0.5297876000404358,
                    -0.8416830897331238,
                    -8.95921802520752
                ],
                [
                    -3.725290298461914e-09,
                    0.8463059067726135,
                    0.5326972603797913,
                    5.670246601104736
                ],
                [
                    0.0,
                    0.0,
                    0.0,
                    1.0
                ]
            ]
        },
        {
            "file_path": "./screenshot31",
            "rotation": 0.05235987755982989,
            "transform_matrix": [
                [
                    0.9923038482666016,
                    -0.06161005049943924,
                    0.10741181671619415,
                    1.1433351039886475
                ],
                [
                    0.12382689118385315,
                    0.4937206506729126,
                    -0.860759437084198,
                    -9.162274360656738
                ],
                [
                    0.0,
                    0.8674353957176208,
                    0.4975499212741852,
                    5.29612398147583
                ],
                [
                    0.0,
                    0.0,
                    0.0,
                    1.0
                ]
            ]
        },
        {
            "file_path": "./screenshot32",
            "rotation": 0.05235987755982989,
            "transform_matrix": [
                [
                    0.9900031089782715,
                    -0.065027616918087,
                    0.125161275267601,
                    1.3322676420211792
                ],
                [
                    0.14104586839675903,
                    0.4564298391342163,
                    -0.8785088658332825,
                    -9.35120677947998
                ],
                [
                    -3.725290742551124e-09,
                    0.8873799443244934,
                    0.4610387682914734,
                    4.907485008239746
                ],
                [
                    0.0,
                    0.0,
                    0.0,
                    1.0
                ]
            ]
        },
        {
            "file_path": "./screenshot33",
            "rotation": 0.05235987755982989,
            "transform_matrix": [
                [
                    0.9877225160598755,
                    -0.06612179428339005,
                    0.14153523743152618,
                    1.5065587759017944
                ],
                [
                    0.15621879696846008,
                    0.4180673658847809,
                    -0.89488285779953,
                    -9.525498390197754
                ],
                [
                    -3.725290298461914e-09,
                    0.906006395816803,
                    0.4232639968395233,
                    4.50539493560791
                ],
                [
                    0.0,
                    0.0,
                    0.0,
                    1.0
                ]
            ]
        },
        {
            "file_path": "./screenshot34",
            "rotation": 0.05235987755982989,
            "transform_matrix": [
                [
                    0.9855289459228516,
                    -0.06514672189950943,
                    0.156488835811615,
                    1.6657309532165527
                ],
                [
                    0.1695076823234558,
                    0.3787674009799957,
                    -0.9098365306854248,
                    -9.684670448303223
                ],
                [
                    -3.725290298461914e-09,
                    0.9231961965560913,
                    0.3843291103839874,
                    4.09095573425293
                ],
                [
                    0.0,
                    0.0,
                    0.0,
                    1.0
                ]
            ]
        },
        {
            "file_path": "./screenshot35",
            "rotation": 0.05235987755982989,
            "transform_matrix": [
                [
                    0.9834733009338379,
                    -0.062344081699848175,
                    0.16998106241226196,
                    1.8093477487564087
                ],
                [
                    0.18105344474315643,
                    0.3386499583721161,
                    -0.9233286380767822,
                    -9.828287124633789
                ],
                [
                    -3.725290742551124e-09,
                    0.9388446807861328,
                    0.3443407714366913,
                    3.6653037071228027
                ],
                [
                    0.0,
                    0.0,
                    0.0,
                    1.0
                ]
            ]
        },
        {
            "file_path": "./screenshot36",
            "rotation": 0.05235987755982989,
            "transform_matrix": [
                [
                    0.981594443321228,
                    -0.05794423073530197,
                    0.18197494745254517,
                    1.9370155334472656
                ],
                [
                    0.190977543592453,
                    0.2978242337703705,
                    -0.9353225827217102,
                    -9.955954551696777
                ],
                [
                    0.0,
                    0.9528604745864868,
                    0.3034086525440216,
                    3.229605197906494
                ],
                [
                    0.0,
                    0.0,
                    0.0,
                    1.0
                ]
            ]
        },
        {
            "file_path": "./screenshot37",
            "rotation": 0.05235987755982989,
            "transform_matrix": [
                [
                    0.9799216389656067,
                    -0.052167609333992004,
                    0.19243761897087097,
                    2.048384428024292
                ],
                [
                    0.19938330352306366,
                    0.2563914358615875,
                    -0.9457852840423584,
                    -10.067323684692383
                ],
                [
                    0.0,
                    0.9651642441749573,
                    0.2616448700428009,
                    2.7850546836853027
                ],
                [
                    0.0,
                    0.0,
                    0.0,
                    1.0
                ]
            ]
        },
        {
            "file_path": "./screenshot38",
            "rotation": 0.05235987755982989,
            "transform_matrix": [
                [
                    0.9784767031669617,
                    -0.045226089656353,
                    0.20134039223194122,
                    2.1431491374969482
                ],
                [
                    0.20635733008384705,
                    0.2144468128681183,
                    -0.9546880125999451,
                    -10.162088394165039
                ],
                [
                    3.725290298461914e-09,
                    0.9756880402565002,
                    0.2191639542579651,
                    2.3328704833984375
                ],
                [
                    0.0,
                    0.0,
                    0.0,
                    1.0
                ]
            ]
        },
        {
            "file_path": "./screenshot39",
            "rotation": 0.05235987755982989,
            "transform_matrix": [
                [
                    0.977276086807251,
                    -0.037324316799640656,
                    0.2086588740348816,
                    2.2210500240325928
                ],
                [
                    0.21197085082530975,
                    0.17208103835582733,
                    -0.9620065093040466,
                    -10.239989280700684
                ],
                [
                    0.0,
                    0.9843754172325134,
                    0.17608234286308289,
                    1.8742921352386475
                ],
                [
                    0.0,
                    0.0,
                    0.0,
                    1.0
                ]
            ]
        },
        {
            "file_path": "./screenshot40",
            "rotation": 0.05235987755982989,
            "transform_matrix": [
                [
                    0.9763312935829163,
                    -0.02866106852889061,
                    0.21437299251556396,
                    2.2818734645843506
                ],
                [
                    0.21628046035766602,
                    0.12938153743743896,
                    -0.967720627784729,
                    -10.300812721252441
                ],
                [
                    0.0,
                    0.9911804795265198,
                    0.13251808285713196,
                    1.4105764627456665
                ],
                [
                    0.0,
                    0.0,
                    0.0,
                    1.0
                ]
            ]
        },
        {
            "file_path": "./screenshot41",
            "rotation": 0.05235987755982989,
            "transform_matrix": [
                [
                    0.9756508469581604,
                    -0.019430533051490784,
                    0.2184671014547348,
                    2.3254528045654297
                ],
                [
                    0.21932949125766754,
                    0.08643350750207901,
                    -0.9718146920204163,
                    -10.344391822814941
                ],
                [
                    0.0,
                    0.9960681796073914,
                    0.088590607047081,
                    0.9429944753646851
                ],
                [
                    0.0,
                    0.0,
                    0.0,
                    1.0
                ]
            ]
        },
        {
            "file_path": "./screenshot42",
            "rotation": 0.05235987755982989,
            "transform_matrix": [
                [
                    0.9752402901649475,
                    -0.009823471307754517,
                    0.22092996537685394,
                    2.3516685962677
                ],
                [
                    0.221148282289505,
                    0.043320462107658386,
                    -0.9742775559425354,
                    -10.370607376098633
                ],
                [
                    -9.31322685637781e-10,
                    0.9990128874778748,
                    0.04442030191421509,
                    0.4728277921676636
                ],
                [
                    0.0,
                    0.0,
                    0.0,
                    1.0
                ]
            ]
        },
        {
            "file_path": "./screenshot43",
            "rotation": 0.05235987755982989,
            "transform_matrix": [
                [
                    0.9751024842262268,
                    -2.8439890229492448e-05,
                    0.22175483405590057,
                    2.3604488372802734
                ],
                [
                    0.22175483405590057,
                    0.00012505616177804768,
                    -0.9751024842262268,
                    -10.379387855529785
                ],
                [
                    -1.8189894035458565e-12,
                    1.0,
                    0.00012824925943277776,
                    0.0013651374028995633
                ],
                [
                    0.0,
                    0.0,
                    0.0,
                    1.0
                ]
            ]
        },
        {
            "file_path": "./screenshot44",
            "rotation": 0.05235987755982989,
            "transform_matrix": [
                [
                    0.9752386212348938,
                    0.009767135605216026,
                    0.22093947231769562,
                    2.3517696857452393
                ],
                [
                    0.22115525603294373,
                    -0.04307059198617935,
                    -0.9742870926856995,
                    -10.370708465576172
                ],
                [
                    0.0,
                    0.9990242719650269,
                    -0.044164154678583145,
                    -0.4701012670993805
                ],
                [
                    0.0,
                    0.0,
                    0.0,
                    1.0
                ]
            ]
        },
        {
            "file_path": "./screenshot45",
            "rotation": 0.05235987755982989,
            "transform_matrix": [
                [
                    0.9756476879119873,
                    0.019375821575522423,
                    0.21848607063293457,
                    2.3256547451019287
                ],
                [
                    0.21934355795383453,
                    -0.08618433028459549,
                    -0.9718336462974548,
                    -10.344593048095703
                ],
                [
                    0.0,
                    0.9960907101631165,
                    -0.08833550661802292,
                    -0.9402791261672974
                ],
                [
                    0.0,
                    0.0,
                    0.0,
                    1.0
                ]
            ]
        },
        {
            "file_path": "./screenshot46",
            "rotation": 0.05235987755982989,
            "transform_matrix": [
                [
                    0.976326584815979,
                    0.02860909327864647,
                    0.21440139412879944,
                    2.2821757793426514
                ],
                [
                    0.21630173921585083,
                    -0.12913358211517334,
                    -0.9677489399909973,
